00000000001100000000000000000000
00000000001110111100000000000000
00000000011111111110000000000000
00000000011111111111100000000000
00000000011111111111100000000000
00000000011111111111100000000000
00000000111111111111110000000000
00000000111111111111110000000000
00000000011111111111111000000000
00000000011111100001111100000000
00000000111111100001111100000000
00000000111111000000111100000000
00000000111110000000111110000000
00000000111110000000111100000000
00000000111111000000011110000000
00000001111111000000011110000000
00000001111111000000011110000000
00000001111110000000011110000000
00000001111110000000011110000000
00000000111111000000011111100000
00000000111100000000011110000000
00000001111100000000111110000000
00000001111100000011111110000000
00000001111100001111111110000000
00000001111100001111111110000000
00000000111111111111111110000000
00000000111111111111111100000000
00000000111111111111111000000000
00000000011111111111110000000000
00000000011111111111100000000000
00000000000111111111110000000000
00000000000011111100000000000000
