00000000000010000000000000000000
00000000000111111000000000000000
00000000001111111100000000000000
00000000000110111111000000000000
00000000001111111111000000000000
00000000011111111111100000000000
00000001111111111111110000000000
00000001111111111111111000000000
00000001111111000111111000000000
00000001111110000001111100000000
00000001111100000001111100000000
00000011111100000000111100000000
00000011111100000000111100000000
00000011011000000000011100000000
00000011111100000000001100000000
00000011111000000000001110000000
00000011111000000000001110000000
00000001111000000000001110000000
00000011111000000000001110000000
00000011111000000000001110000000
00000011110000000000001110000000
00000001110000000000001110000000
00000001111000000000001110000000
00000001111000000000011111000000
00000001111110000001111110000000
00000000111111111111111110000000
00000000111111111111111110000000
00000000011111111111111100000000
00000000011111111111111100000000
00000000001111111111111000000000
00000000000011111111111000000000
00000000000000111111000000000000
