00000000000000111110000000000000
00000000000011111111100000000000
00000000001111111111100000000000
00000000011111111111110000000000
00000000111111000011111000000000
00000000111100000001111100000000
00000000111100000000011110000000
00000001111100000000011110000000
00000111101110000000001110000000
00000011101110000000000110000000
00000011011110000000000110000000
00000000011110000000000110000000
00000000011110000000000110000000
00000000011110000000000011000000
00000000011110000000000011000000
00000000111100000000000011000000
00000000111100000000000011000000
00000000111000000000000011000000
00000001111000000000000011000000
00000001110000000000000111000000
00000000111100000000000011100000
00000000111000000000000011100000
00000000111000000000000111100000
00000000111000000000000111100000
00000000111000000000001110000000
00000000111100000000011110000000
00000000111100000000111110000000
00000000011110000000111110000000
00000000011111111111111110000000
00000000001111111111111000000000
00000000000111111111110000000000
00000000000011111110000000000000
