00000000011100000000000000000000
00000000001111000000000000000000
00000000011111100000000000000000
00000000011111100000000000000000
00000000011111100000000000000000
00000000001111110000000000000000
00000000001111110000000000000000
00000000001111110000000000000000
00000011011111111000000000000000
00000111111111111100000000000000
00001111111111111000000000000000
00000111111111111100000000000000
00000111111111111100000000000000
00000111111111111100000000000000
00000011111111111100000000000000
00000000011111111110000000000000
00000000001011111110000000000000
00000000000011111110000000000000
00000000000000111110000000000000
00000000000001111111000000000000
00000000000000111111000000000000
00000000000000111111000000000000
00000000000000011111100000000000
00000000000000011111100000000000
00000000000000011111100000000000
00000000001111111111111111111000
00000000011111111111111111111100
00000000011111111111111111111100
00000000011111111111111111111110
00000000011111111111111111111110
00000000011111111111111111111110
00000000001111111111111111111100
