00000000001110000000000000000000
00000000001111100000000000000000
00000000011111111000000000000000
00000000111111111000000000000000
00000001111111111000000000000000
00000000111111111100000000000000
00000001111110111100000000000000
00000001111100011100000000000000
00000001111000011100000000000000
00000001111000011100000000000000
00000000111100001110000000000000
00000000111100011110000000000000
00000000000000011100000000000000
00000000000000111100000000000000
00000000000000011100000000000000
00000000000000011100000000000000
00000000000000111100000000000000
00000000000001111000000000000000
00000000000001111000000000000000
00000000000001111000000000000000
00000000000011111000000000000000
00000000000111110000000000000000
00000000000111110000000000000000
00000000000111110000000000000000
00000000001111100000011111100000
00000000011111100001111111110000
00000000011111111111111111110000
00000000011111111111111111110000
00000000001111111111111111111000
00000000011111111111111111111000
00000000001111111111000001100000
00000000000101000000000000000000
