00000000000100000000000000000000
00000000011110000000000000000000
00000000111111100000000000000000
00000001111111110000000000000000
00000011111111111000000000000000
00000111111111111000000000000000
00000011111111111110000000000000
00000011111100111111000000000000
00000011110000001111000000000000
00000111110000001111000000000000
00000011110000001111000000000000
00000011110000001111000000000000
00000001000000011110000000000000
00000000000000011111000000000000
00000000000000011110000000000000
00000000000000011110000000000000
00000000000000111110000000000000
00000000000000111100000000000000
00000000000000111000000000000000
00000000000001111000000000000000
00000000000000111100000000000000
00000000000011111000000000000000
00000000000011110000000000000000
00000000000111100000000000000000
00000000011111100000000000000000
00000000111111111110001110000000
00000001111111111111111111000000
00000000111111111111111111110000
00000000111111111111111111110000
00000000111111111111111111100000
00000000011111111111111111100000
00000000000000000000000010000000
