00000000000011111100000000000000
00000000000111111110000000000000
00000000001111111110000000000000
00000000011111111111100000000000
00000000111111111111100000000000
00000011111110001111100000000000
00000111111100001111100000000000
00000111111000001111100000000000
00000111110000011111100000000000
00001111110000011111100000000000
00000111100000011111100000000000
00000111100000011111000000000000
00000011110000011111000000000000
00000001100000011111000000000000
00000000000000011111000000000000
00000000000000111111000000000000
00000000000001111111000000000000
00000000000001111110000000000000
00000000000001111110000000000000
00000000000011111100000000000000
00000000000011111100000000000000
00000000000011111110000000000000
00000000000111111100000000000000
00000000001111111100000000000000
00000000001111111000000000000000
00000000001111110000000000000000
00000000011111111000000000000000
00000000011111111111111101000000
00000000001111111111111111100000
00000000001111111111111111110000
00000000000011111111111111110000
00000000000001111111111111100000
