00000000001111100000000000000000
00000000111111110000000000000000
00000001111111110000000000000000
00000000111111111100000000000000
00000001111111111110000000000000
00000011111111111110000000000000
00000111111111111110000000000000
00000111111001111110000000000000
00000011111000111111000000000000
00000011111000111111000000000000
00000111111000111111000000000000
00000011111000111110000000000000
00000011111000111100000000000000
00000001110001111100000000000000
00000000000000111110000000000000
00000000000000111110000000000000
00000000000000111110000000000000
00000000000001111110000000000000
00000000000001111100000000000000
00000000000001111110000000000000
00000000000001111100000000000000
00000000000011111100000000000000
00000000000011111100000000000000
00000000000111111000000000000000
00000000000111111000000000000000
00000000000111111100000000000000
00000000001111111111111000000000
00000000011111111111111111110000
00000000111111111111111111111000
00000001111111111111111111111000
00000000111111111111111111111100
00000000011111111111111111111000
