00000000001111110000000000000000
00000000011111111000000000000000
00000000011111111000000000000000
00000001111111111000000000000000
00000001111111111000000000000000
00000001111111111000000000000000
00000001111001111000000000000000
00000011111001111000000000000000
00000011110000111100000000000000
00000011110000011100000000000000
00000011110000111100000000000000
00000111100000111100000000000000
00000111100000111100000000000000
00000011100000111100000000000000
00000001000000111100000000000000
00000000000000111100000000000000
00000000000000111100000000000000
00000000000000111000000000000000
00000000000001111000000000000000
00000000000001111000000000000000
00000000000001111000000000000000
00000000000001111000000000000000
00000000000011110000000000000000
00000000000011110000000000000000
00000000000111111000000000000000
00000000001111111100000000000000
00000000011111111111111111000000
00000000011111111111111111100000
00000000011111111111111111100000
00000000011111111111111111100000
00000001111110111111111111000000
00000001111100000000111110000000
