00000000000000011110000000000000
00000000000000111111000000000000
00000000000000111110000000000000
00000000000001111100000000000000
00000000000001111100001110000000
00000000000011111000011111000000
00000000000011111000011111000000
00000000000011111000011111000000
00000000000111110000111110000000
00000000001111100000111110000000
00000000001111100000111110000000
00000000011111000001111100000000
00000000011111000001111100000000
00000000111111000001111100000000
00000001111110000011111000000000
00000011111100000011111000000000
00000011111100000111111110000000
00000111111000111111111111000000
00000111111111111111111111000000
00001111111111111111111111000000
00001111111111111111111111000000
00000111111111111111111110000000
00000111111111111111010000000000
00000011111111111111100000000000
00000000011000011111000000000000
00000000000000111110000000000000
00000000000000111110000000000000
00000000000000111110000000000000
00000000000000111110000000000000
00000000000000111110000000000000
00000000000011111100000000000000
00000000000001111100000000000000
