00000000000000000001000000000000
00000000000000000111100000000000
00000000000000000111110000000000
00000000000000000111110000000000
00000000000000001111100000000000
00000000000000001111100000000000
00000000000000001111100000000000
00000000000000001111100000000000
00000000000000011111000000000000
00000000000000011111000000000000
00000000000001111100001110000000
00000000000011111100001111000000
00000000000011111000001111000000
00000000000011110000011111000000
00000000000111110000011111000000
00000000000111100000011111000000
00000000011111000000011110000000
00000000011111000000011110000000
00000000111111000000111110000000
00000000111110000000111110000000
00000001111100000111111110000000
00000001111100011111111110000000
00000001111111111111111100000000
00000111111111111111111000000000
00000111111111111111100000000000
00000111111111100111100000000000
00000111111110000111100000000000
00000000100000000111100000000000
00000000000000000011100000000000
00000000000000000111100000000000
00000000000000000011100000000000
00000000000000000011100000000000
