00000000000000001000000000000000
00000000000000011110000000000000
00000000000001111111000000000000
00000000000011111110000000000000
00000000000011111100000000000000
00000000000111111100000000000000
00000000000111111000000000000000
00000000000111110000000000000000
00000000001111110000000000000000
00000000001111100000000000000000
00000000011111100000000000000000
00000000111111100000000000000000
00000000111111000000000000000000
00000000111110000000000000000000
00000000111110000000000000000000
00000001111110000000010000000000
00000001111100000000111100000000
00000011111100000000111110000000
00000011111100000001111110000000
00000011111000000011111110000000
00000011111000000011111110000000
00000011111000000011111110000000
00000011111000000011111110000000
00000011111110001111111110000000
00000011111111111111111110000000
00000011111111111111111100000000
00000011111111111111111100000000
00000001111111111111111110000000
00000000111111110011111110000000
00000000000001100001111110000000
00000000000000000011111110000000
00000000000000000000111000000000
