00000000000000000000000000000000
00000000001000000000110000000000
00000000011111111111111000000000
00000000011111111111111000000000
00000000011111111111111000000000
00000000011111111111111000000000
00000000011111111111111100000000
00000000011111111100011000000000
00000000111100000000000000000000
00000000111100000000000000000000
00000000011110000000000000000000
00000000111111111100000000000000
00000000111111111100000000000000
00000000111111111110000000000000
00000000011111111111100000000000
00000000011111111111100000000000
00000000011111111111110000000000
00000000011100001111110000000000
00000000010000000111110000000000
00000000000000000001111000000000
00000000000000000001111000000000
00000000000000000001111000000000
00000000000000000011111000000000
00000000000000000011111000000000
00000000000000001111111000000000
00000000111111111111111000000000
00000000111111111111110000000000
00000000011111111111110000000000
00000000011111111111100000000000
00000000011111111110000000000000
00000000001111111000000000000000
00000000000010000000000000000000
