00000000000000001111111100000000
00000000000111111111111111100000
00000000011111111111111111100000
00000000111111111111110111000000
00000001111111100000000000000000
00000001111100000000000000000000
00000001111100000000000000000000
00000000111000000000000000000000
00000001111000000000000000000000
00000001111000000000000000000000
00000001111000000000000000000000
00000001111000000000000000000000
00000001111000000000000000000000
00000001111011111111000000000000
00000001111111111111100000000000
00000001111111111111110000000000
00000000111111111111111100000000
00000000011110000001111100000000
00000000000000000000011110000000
00000000000000000000011110000000
00000000000000000000011110000000
00000000000000000000011110000000
00000001100000000000001110000000
00000011100000000000011110000000
00000001110000000000011110000000
00000001110000000000011110000000
00000000111000000000111100000000
00000000111100000000111000000000
00000000011110000001111000000000
00000000011111111111110000000000
00000000011111111111000000000000
00000000001111111110000000000000
