00000000000000000000000001000000
00000000000000000000000111000000
00000000011001111111111111100000
00000000111111111111111111100000
00000001111111111111111111000000
00000001111111111111111110000000
00000011111111111111111100000000
00000001111111110011100000000000
00000001110000000000000000000000
00000001110000000000000000000000
00000001110001111000000000000000
00000011111111111100000000000000
00000011111111111100000000000000
00000001111111111110000000000000
00000001111111111111000000000000
00000001111111111111000000000000
00000000000000000111000000000000
00000000000000000111000000000000
00000000000000000111000000000000
00000000000000000111100000000000
00000000000000000111100000000000
00000000000000000111000000000000
00000000000000000111000000000000
00000000000000001111000000000000
00000000000000011111000000000000
00000000011000111110000000000000
00000000011111111110000000000000
00000000011111111100000000000000
00000000011111111100000000000000
00000000111111110000000000000000
00000000011111100000000000000000
00000000000000000000000000000000
