00000000000001100000000000000000
00000000000000110000000000000000
00000000000001111100000000000000
00000000000011111100000000000000
00000000000111111000000000000000
00000000000111111000000000000000
00000000001111110000000000000000
00000000001111100000000000000000
00000000011111000000000000000000
00000000011111000000000000000000
00000000111110000000000000000000
00000000111111000000000000000000
00000000111110000000000000000000
00000001111100011111000000000000
00000001111101111111110000000000
00000001111111111111111100000000
00000001111111111111111110000000
00000001111111111111111111000000
00000001111111111100011111100000
00000001111111100000000111100000
00000001111111000000000011100000
00000001111111000000000011100000
00000000111111100000000001110000
00000000111111000000000001110000
00000000011111000000000001110000
00000000001111100000000001111000
00000000001111110000000011111000
00000000000111111100001111110000
00000000000001111111111111110000
00000000000001111111111111110000
00000000000000111111111111100000
00000000000000000111111000000000
