00000000001111100000000000000000
00000000011111110000000000000000
00000000111111111000000000000000
00000000111111111110000000000000
00000001111111111110000000000000
00000011111111111110000000000000
00000011111100001110000000000000
00000111111000000100000000000000
00000011111000000000000000000000
00000111111000000000000000000000
00000111111000000000000000000000
00000111111000000000000000000000
00000111110000000000000000000000
00000111100000000000000000000000
00000111110000000000000000000000
00000111110000001111100000000000
00000111110000011111110000000000
00000111110001111111111100000000
00000111110011111111111110000000
00000011111101111111111111000000
00000001111111111111111111100000
00000001111111111100001111100000
00000001111111110000000111110000
00000001111111110000000011110000
00000001111111100000000011110000
00000000111111100000000001111000
00000000111111110000000001111000
00000000111111111000000111111000
00000000111111111111101111110000
00000000111111111111111111110000
00000000001111111111111111110000
00000000000000011111111111100000
