00000000000000110000000000000000
00000000000000111100000000000000
00000000000001111100000000000000
00000000000011111100000000000000
00000000000111111000000000000000
00000000000011111000000000000000
00000000001111111000000000000000
00000000001111110000000000000000
00000000001111110000000000000000
00000000011111110000000000000000
00000000011111100000000000000000
00000000001111100000000000000000
00000000011111000000000000000000
00000000111111000000000000000000
00000000111111000000000000000000
00000000011111000000000000000000
00000000111111101111110000000000
00000000111111111111111100000000
00000000111111111111111111000000
00000000111111111111111111100000
00000000111111000000001111100000
00000000111111000000001111100000
00000000011111000000000011110000
00000000111111100000000011110000
00000000011111100000000011110000
00000000001111110000000011111000
00000000001111110000000111111000
00000000001111110000001111110000
00000000000011111100001111110000
00000000000001111111111111000000
00000000000000111111111110000000
00000000000000001111110000000000
