00000000000000000010000000000000
00000000000000011111110000000000
00000000010010011111110000000000
00000000111111111111111000000000
00000001111111111111111100000000
00000011111111111100111100000000
00000011111111111001111100000000
00000011111111111001111000000000
00000011111001110001111000000000
00000001111100000001111000000000
00000001111100000011111000000000
00000001111111000011110000000000
00000001111111100111100000000000
00000000111111111111100000000000
00000000000111111111110000000000
00000000000011111111000000000000
00000000000011111111000000000000
00000000000111111111000000000000
00000000001111111111100000000000
00000000001111111111110000000000
00000000011111101111110000000000
00000000011111000111110000000000
00000000111110000111110000000000
00000000111110000111110000000000
00000000011111000111111000000000
00000000111111000011111000000000
00000000111111101111111000000000
00000000111111111111110000000000
00000000011111111111110000000000
00000000000111111111100000000000
00000000000111111111100000000000
00000000000000000000000000000000
