00000000000100000000000000000000
00000000001100000000000000000000
00000001111110000000000000000000
00000001111111000000001100000000
00000001111111100000011110000000
00000001110111100000111111000000
00000000110111100011111111000000
00000000110111100111111110000000
00000000110111101111100000000000
00000000111011111111000000000000
00000000111001111111000000000000
00000000001111111100000000000000
00000000001111111000000000000000
00000000001111110000000000000000
00000000000111100000000000000000
00000000001111110000000000000000
00000000011111111000000000000000
00000000111111111000000000000000
00000000111101111000000000000000
00000000111100011100000000000000
00000001111000011100000000000000
00000001111000011100000000000000
00000001110000011100000000000000
00000001110000011100000000000000
00000011110000011100000000000000
00000011110000011100000000000000
00000011110000111100000000000000
00000001111001111100000000000000
00000001111111111100000000000000
00000001111111111100000000000000
00000000111111111000000000000000
00000000001111100000000000000000
