00000000000000001000000000000000
00000000000111111110000000000000
00000000011111111111000000000000
00000000111111111111100000000000
00000001111111000011110000000000
00000001111000000011110000000000
00000011111000000001110000000000
00000011110000000001110000000000
00000011110000000001111110000000
00000001111000000000111111000000
00000001111000000001111111000000
00000001111000000001111111000000
00000000111110000001111110000000
00000000111110000011111000000000
00000000011110000111110000000000
00000000011111011111100000000000
00000000001111111110000000000000
00000000001111111100000000000000
00000000000111111100000000000000
00000000000111111000000000000000
00000000000111111000000000000000
00000000001111111000000000000000
00000000001111111000000000000000
00000000001111111100000000000000
00000000011110111100000000000000
00000000011110111100000000000000
00000000011110011110000000000000
00000000011110011110000000000000
00000000011110011110000000000000
00000000011111111110000000000000
00000000011111111100000000000000
00000000001111111000000000000000
