00000000000000111100000000000000
00000000000111111111000000000000
00000000000111111111000000000000
00000000000111111111111000000000
00000000000011111111111100000000
00000000000111000001111100000000
00000000011100000000011100000000
00000000011100000000011100000000
00000000001110000000011110000000
00000000001110000000011110000000
00000000001111000001111110000000
00000000000111100011111000000000
00000000000111110111110000000000
00000000000111111111100000000000
00000000000011111111110000000000
00000000000001111111000000000000
00000000000111111100000000000000
00000000001111111100000000000000
00000000011111111110000000000000
00000000001111111111000000000000
00000000011111000111000000000000
00000000111110000111100000000000
00000000111100000011100000000000
00000001111000000011110000000000
00000001111000000011110000000000
00000000111100000000111000000000
00000000011100000000111000000000
00000000011111100001111000000000
00000000011111111111111000000000
00000000000111111111111000000000
00000000000000111111111000000000
00000000000000001111110000000000
