00000000000000000000000000000000
00000000000000111100000000000000
00000000000011111110000000000000
00000000000111111111000000000000
00000000000111111111100000000000
00000000001111111011100000000000
00000000011111100001110000000000
00000001111111000000111000000000
00000001111110000000011000000000
00000001111110000000011000000000
00000001111100000000011000000000
00000011111100000000111000000000
00000000111110000011111100000000
00000000111111011111111100000000
00000000111111111111111100000000
00000000111111111111111110000000
00000000111111111111111110000000
00000000011111111111111110000000
00000000001111111110011110000000
00000000001111111100001100000000
00000000001111111000001100000000
00000000000011111100000110000000
00000000000001111000000110000000
00000000000011111000001110000000
00000000000111110000011110000000
00000000000111100000011110000000
00000000000111110000111100000000
00000000000111111111111000000000
00000000000111111111110000000000
00000000000011111111110000000000
00000000000001111111000000000000
00000000000000000000000000000000
