00000000000000000111110000000000
00000000000000111111111000000000
00000000000111111111111100000000
00000000001111111111111111000000
00000000011111111111111111000000
00000001111111111110001111000000
00000001111111111100011111000000
00000001111000000000011110000000
00000011111000000000011110000000
00000001111000000000111110000000
00000001111110000001111100000000
00000000111111100001111000000000
00000000011111110011111000000000
00000000001111111111110000000000
00000000000011111111110000000000
00000000000001111111100000000000
00000000000001111111110000000000
00000000000011111111111000000000
00000000000111111011111100000000
00000000001111110001111110000000
00000000001111100000111110000000
00000000001111000000011111000000
00000000011111000000011111000000
00000000011110000000001111000000
00000000011110000000001111000000
00000000011110000000001111000000
00000000011111000000001111000000
00000000001111100000011111000000
00000000001111111011111110000000
00000000000111111111111110000000
00000000000000111111111100000000
00000000000000011111110000000000
