00000000000000011110000000000000
00000000000011111111100000000000
00000000001111111111110000000000
00000000111111111111111000000000
00000001111111110111111000000000
00000000111110000000011100000000
00000000111100000000011100000000
00000000111100000000111100000000
00000001111000000000111100000000
00000111111100000001111000000000
00000011111100000001111000000000
00000011110000000011110000000000
00000011110000000111110000000000
00000001111000001111100000000000
00000000111110001111100000000000
00000000011111111111000000000000
00000000001111111110000000000000
00000000000111111100000000000000
00000000001111111100000000000000
00000000001111111111000000000000
00000000011111111111000000000000
00000000111111001111100000000000
00000000111100000111110000000000
00000000011110000001111100000000
00000000011100000000111100000000
00000000111100000000111110000000
00000000011100000000111110000000
00000000011110000001111100000000
00000000001111000001111110000000
00000000001111111111111000000000
00000000000011111111110000000000
00000000000001111111100000000000
