00000000001111100000000000000000
00000000011111100000000000000000
00000000111111111000000000000000
00000000111111111110000000000000
00000001111111111110000000000000
00000001111111111110000000000000
00000001111110111111000000000000
00000001111110011111110000000000
00000000111110001111111000000000
00000000111110001111111000000000
00000000111110001111111110000000
00000000111110001111111110000000
00000000111111001111111000000000
00000000111111111111111000000000
00000000001111111111111100000000
00000000000111111111111100000000
00000000000011111111111100000000
00000000000011111111111100000000
00000000000000000011111000000000
00000000000000000001111100000000
00000000000000000001111110000000
00000000000000000001111110000000
00000000000000000001111100000000
00000000000000000001111100000000
00000000000000000001111100000000
00000000000000000000111110000000
00000000011111000011111110000000
00000000011111111111111100000000
00000000111111111111111000000000
00000000111111111111111000000000
00000000011111111111111000000000
00000000000111111111100000000000
