00000000000000110000000000000000
00000000000111111100000000000000
00000000111111111111000000000000
00000000111111111111100000000000
00000000111111001111100000000000
00000001111000000011110000000000
00000001111000000001110000000000
00000001111000000001111100000000
00000001111000000001111100000000
00000001111000000001111100000000
00000001111000000001111100000000
00000001111000000001111110000000
00000001111000000001111110000000
00000000111100000011111110000000
00000000111111111111111111000000
00000000011111111111111111000000
00000000000111111110011110000000
00000000000000110000011111000000
00000000000000000000001111000000
00000000000000000000001111000000
00000000000000000000001111000000
00000000000000000000001111000000
00000000000000000000001111000000
00000000000000000000001111000000
00000000000000000000001111000000
00000000100000000000001111000000
00000001111000000000001111000000
00000011111111100001111111000000
00000001111111111111111110000000
00000000111100111111111100000000
00000000000111111111111000000000
00000000000000011111100000000000
