00000000000000011100000000000000
00000000000011111111000000000000
00000000000111110111110000000000
00000000001111111111110000000000
00000000011111111111111100000000
00000000011111111111111100000000
00000000111111110011111100000000
00000001111110000000111110000000
00000001100110000000111110000000
00000011111100000000111110000000
00000011111000000001111111000000
00000001111000000011111111000000
00000011111000000011111111000000
00000011111100000011111111000000
00000011111100000011111111000000
00000001111111111111111111000000
00000001111111111111111111000000
00000001111111111111111111000000
00000000011111111111111111000000
00000000000001110000111111000000
00000000000000000000111111000000
00000000000000000000111111000000
00000000000000000000011111000000
00000000000000000000111111000000
00000000000010000000111111000000
00000000001111000000111111000000
00000000001111100000111111000000
00000000000111111111111111000000
00000000000111111111111110000000
00000000000111111111111100000000
00000000000001111111111000000000
00000000000000011111000000000000
