00000000001111110000000000000000
00000000011111111000000000000000
00000000011111111100000000000000
00000000111111111110000000000000
00000001111111111110000000000000
00000001111111111111100000000000
00000011111100111111110000000000
00000011111100011111110000000000
00000011111100001111111000000000
00000011111100000111111100000000
00000011111100000111111100000000
00000011111100000001111110000000
00000011111100000001111110000000
00000011111100000001111110000000
00000011111000000000111110000000
00000011111000000000111111000000
00000011111000000000011111000000
00000011111000000000011111000000
00000011111100000000011111000000
00000011111100000000011110000000
00000011111100000000111110000000
00000001111100000000111110000000
00000001111110000000111110000000
00000001111110000001111110000000
00000001111110000001111110000000
00000001111110000011111110000000
00000001111111111111111100000000
00000000011111111111110000000000
00000000011111111111100000000000
00000000001111111111000000000000
00000000000111111100000000000000
00000000000000000000000000000000
