00000000000001100111000000000000
00000000000011111111100000000000
00000000001111111111111000000000
00000000001111111111111110000000
00000000011111111111111110000000
00000000011111111111111111000000
00000000111111111111111111000000
00000000111111000000011111000000
00000000111110000000011111000000
00000001111100000000001110000000
00000001111100000000001111000000
00000001111000000000001111000000
00000001111000000000001111000000
00000001111000000000001111000000
00000011111000000000001111000000
00000011111000000000001111000000
00000011111000000000001111000000
00000011110000000000001111000000
00000011111000000000001111000000
00000011111000000000011111000000
00000011111000000000011111000000
00000011111000000000011110000000
00000011111000000000111110000000
00000011111000000000111110000000
00000001111100000011111100000000
00000001111110001111111000000000
00000001111111111111111000000000
00000000111111111111100000000000
00000000111111111111000000000000
00000000001111111111000000000000
00000000000011111110000000000000
00000000000000110000000000000000
