00000000000111100000000000000000
00000000011111111100000000000000
00000000011111111100000000000000
00000000111111111111000000000000
00000001111111111111110000000000
00000001111111111111111000000000
00000001111111111111111000000000
00000011111111111111111000000000
00000011111100111111111100000000
00000011111000000011111110000000
00000011111000000011111110000000
00000011111000000001111110000000
00000011111100000000111110000000
00000011111100000000111110000000
00000011111100000000111110000000
00000011111000000000011110000000
00000011111000000000011110000000
00000011111000000000011111000000
00000011111000000000011111000000
00000011111000000000111110000000
00000011111000000000111110000000
00000011111100000000111110000000
00000011111100000000111110000000
00000011111100000001111100000000
00000011111111001111111000000000
00000001111111111111110000000000
00000001111111111111110000000000
00000000111111111111110000000000
00000000111111111111000000000000
00000000011111111110000000000000
00000000011111111110000000000000
00000000000111111100000000000000
