00000000001000000000000000000000
00000000011000011110000000000000
00000000111101111111000000000000
00000000011111111111110000000000
00000000111111111111111000000000
00000000111111111111111100000000
00000000111111110000011110000000
00000000111111100000011110000000
00000001111111000000011110000000
00000001111110000000001111000000
00000001111110000000001111000000
00000001111100000000001111000000
00000001111100000000001111000000
00000011111000000000000111000000
00000011111000000000000011000000
00000011111100000000000011000000
00000011111100000000000111000000
00000011111000000000000111000000
00000011111000000000001111000000
00000011110000000000011111000000
00000011110000000000011111000000
00000011100000000000111110000000
00000001100000000001111110000000
00000001110000000011111100000000
00000001111000001111111100000000
00000001111000111111110000000000
00000001111111111111100000000000
00000001111111111111000000000000
00000000111111111110000000000000
00000000111111111000000000000000
00000000001111111000000000000000
00000000000011000000000000000000
