00000000000011110000000000000000
00000000000111111100000000000000
00000000000011111111000000000000
00000000000111111111000000000000
00000000000111111111100000000000
00000000000111111111000000000000
00000000000111111111000000000000
00000000001111111110000000000000
00000000000111111111000000000000
00000000000111111110000000000000
00000000000111111110000000000000
00000000000111111100000000000000
00000000000111111110000000000000
00000000000111111110000000000000
00000000000111111110000000000000
00000000000111111100000000000000
00000000000111111110000000000000
00000000000011111110000000000000
00000000000011111110000000000000
00000000000011111110000000000000
00000000000011111110000000000000
00000000000011111110000000000000
00000000000111111110000000000000
00000000000011111110000000000000
00000000000111111100000000000000
00000000000011111110000000000000
00000000000011111100000000000000
00000000000011111110000000000000
00000000000011111100000000000000
00000000000011111100000000000000
00000000000011111000000000000000
00000000000001110000000000000000
