00000000000000000000000000000000
00000000000000111111000000000000
00000000011011111111110000000000
00000000111111111111110000000000
00000000111111111111110000000000
00000001101111110111110000000000
00000001111110000001110000000000
00000000111110000000111000000000
00000000111000000000111000000000
00000000111000000001111000000000
00000000000000000001111000000000
00000000000000000001111000000000
00000000000000000011110000000000
00000000000000000001110000000000
00000000000000000011110000000000
00000000000000000111100000000000
00000000000000001111100000000000
00000000000000011111000000000000
00000000000000111110000000000000
00000000000001111110000000000000
00000000000001111110000000000000
00000000000111111100000000000000
00000000000111111000000000000000
00000000001111100000000000000000
00000000111111100000000000000000
00000001111111000000011110000000
00000000111111000111111111100000
00000000111111111111111111110000
00000000111111111111111111110000
00000000111111111111111111110000
00000000011111111111111111110000
00000000001111111000000000000000
