00000000000110000000000000000000
00000000001111100000000000000000
00000000001111110000000000000000
00000000011111111000000000000000
00000000111111111100000000000000
00000000011111111110000000000000
00000000111111111110000000000000
00000000111111111110000000000000
00000000011110001111000000000000
00000000011110001111000000000000
00000000011100001111000000000000
00000000000110000011100000000000
00000000000000000111100000000000
00000000000000000111000000000000
00000000000000000111000000000000
00000000000000000011100000000000
00000000000000000111100000000000
00000000000000001111000000000000
00000000000000000111100000000000
00000000000000001111100000000000
00000000000000001111000000000000
00000000000000011111000000000000
00000000000000011111100000000000
00000000000000111111000000000000
00000000000011111111111100000000
00000000001111111111111111100000
00000000001111111111111111110000
00000000001111111111111111111000
00000000001111111111111111111100
00000000001111111111111111111100
00000000000111111111111111111100
00000000000011111000000000000000
