00000000011111100000000000000000
00000000111111110000000000000000
00000000111111111000000000000000
00000000111111111110000000000000
00000000111111111110000000000000
00000000111111111111000000000000
00000000111110011111100000000000
00000000111111011111100000000000
00000000011111100111110000000000
00000000011111110111110000000000
00000000001111110111110000000000
00000000000111110111110000000000
00000000000001100111110000000000
00000000000000000111110000000000
00000000000000000011111000000000
00000000000000000111111000000000
00000000000000000111110000000000
00000000000000000111110000000000
00000000000000001111110000000000
00000000000000000111110000000000
00000000000000000111110000000000
00000000000000000111110000000000
00000000000000001111100000000000
00000000000000011111000000000000
00000000111111111111000000000000
00000000111111111111000000000000
00000000111111111111110000000000
00000000111111111111111110000000
00000001111111111111111111100000
00000000111111111111111111110000
00000000001111111111111111111100
00000000000111100000011111111100
