00000000000011111000000000000000
00000000000111111100000000000000
00000000001111111110000000000000
00000000001111111111000000000000
00000000011111111111100000000000
00000000011111111111100000000000
00000000011111111111100000000000
00000000011111100111110000000000
00000000011111000111110000000000
00000000011110000111110000000000
00000000011100000111110000000000
00000000001000000011111000000000
00000000000000000011110000000000
00000000000000000111110000000000
00000000000000001111110000000000
00000000000000000111110000000000
00000000000000001111110000000000
00000000000000001111100000000000
00000000000000000111110000000000
00000000000000001111100000000000
00000000000000001111000000000000
00000000000000011111000000000000
00000000000000111111100000000000
00000000001111111111100000000000
00000000001111111111111000000000
00000000011111111111111111000000
00000000011111111111111111111000
00000000011111111111111111111000
00000000011111111111111111111000
00000000001111110000111111111000
00000000000100000000000111111000
00000000000000000000000001110000
