00000000001111111111000000000000
00000000011111111111100000000000
00000000111111111111110000000000
00000001111111111111111000000000
00000001111111111111111000000000
00000001111111000111111100000000
00000001111000000111111000000000
00000000110000000011111000000000
00000000000000000111110000000000
00000000000000001111110000000000
00000000000000111111110000000000
00000000000001111111100000000000
00000000000011111111000000000000
00000000000111111110000000000000
00000000000111111111000000000000
00000000000011111111110000000000
00000000000001111111111000000000
00000000000000011111111000000000
00000000000000001111111100000000
00000000000000000011111110000000
00000000000000000011111100000000
00000000000000000001111110000000
00000000000000000000111111000000
00000000000000000000011111000000
00000000000000000000011111000000
00000000011000000000011111000000
00000000111100000000011111000000
00000001111110000011111110000000
00000001111111111111111110000000
00000000111111111111111100000000
00000000011111111111111000000000
00000000001111111111110000000000
