00000000000001111110000000000000
00000000000011111110000000000000
00000000001111111111100000000000
00000000001111111111100000000000
00000000011111111111100000000000
00000000011111111111100000000000
00000000111100001111000000000000
00000000111100001111000000000000
00000000111100001111000000000000
00000000011000011111000000000000
00000000000000011111000000000000
00000000000000011111000000000000
00000000000000011111000000000000
00000000000001111111000000000000
00000000000011111111110000000000
00000000000011111111111000000000
00000000000001111111111100000000
00000000000000111111111110000000
00000000000000111111111110000000
00000000000000000111111111000000
00000000000000000000111110000000
00000000000000000000111110000000
00000000000000000000111110000000
00000000000000000000111110000000
00000000000110000000111110000000
00000000001111100011111110000000
00000000001111111111111110000000
00000000011111111111111000000000
00000000011111111111110000000000
00000000001111111111110000000000
00000000000111111111000000000000
00000000000000011000000000000000
