00000000000000111000000000000000
00000000000011111000000000000000
00000000000011111000001100000000
00000000000011111000011110000000
00000000000011111000011111000000
00000000001111100000111110000000
00000000001111100000111110000000
00000000001111100000111110000000
00000000001111100000111110000000
00000000001111000000111110000000
00000000111110000001111100000000
00000000111110000001111100000000
00000000111100000001111100000000
00000001111100000001111110000000
00000111111000111111111111000000
00000111111111111111111111100000
00000111111111111111111111100000
00000111111111111111111111000000
00000111111111111111111110000000
00000111111111111111100000000000
00000011111111111111100000000000
00000000111011001111100000000000
00000000000000001111100000000000
00000000000000111110000000000000
00000000000000111110000000000000
00000000000000111110000000000000
00000000000000111100000000000000
00000000000000111100000000000000
00000000000011111000000000000000
00000000000011111000000000000000
00000000000011111000000000000000
00000000000011111000000000000000
