00000000000000000111000000000000
00000000000000011111000000000000
00000000000000111111000000000000
00000000000000111111100000000000
00000000000000111111000000000000
00000000000011111110000000000000
00000000000011111110000000000000
00000000000111111100000000000000
00000000001111110000000000100000
00000000011111110000000011110000
00000000011111110000000111111000
00000001111111100000001111110000
00000001111111000000001111110000
00000001111110000000001111110000
00000011111110000000011111110000
00000111111100000000111111100000
00000111111000000000111111000000
00000111111100000000111111000000
00001111111000000011111110000000
00001111111000000011111100000000
00001111111111111111111100000000
00000111111111111111111000000000
00001111111111111111110000000000
00000111111111111111110000000000
00000011111111111111110000000000
00000000111111111111000000000000
00000000000011111111000000000000
00000000000000011111100000000000
00000000000000111111000000000000
00000000000000111111100000000000
00000000000000111111100000000000
00000000000000011111000000000000
