00000000000000111111111100000000
00000000000001111111111111000000
00000000000011111111111111100000
00000000000111111111111111110000
00000000001111111111111111110000
00000000011111111111111111110000
00000000111111111111111111100000
00000000111111000000000000000000
00000001111111000000000000000000
00000011111111000000000000000000
00000111111110000000000000000000
00000111111100000000000000000000
00000111111100000000000000000000
00000011111100000000000000000000
00000011111111000000000000000000
00000011111111111100000000000000
00000011111111111110000000000000
00000001111111111111000000000000
00000000111111111111100000000000
00000000011111111111110000000000
00000000001111111111110000000000
00000000000000111111111000000000
00000000000001101111111000000000
00000000000111101111110000000000
00000000000111111111110000000000
00000000000111111111110000000000
00000000000111111111110000000000
00000000000111111111100000000000
00000000000011111111100000000000
00000000000011111111100000000000
00000000000011111111000000000000
00000000000001111110000000000000
