00000000000000010000000000000000
00000000000111111111111110000000
00000000011111111111111111000000
00000000011111111111111111000000
00000000011111111111111111000000
00000001111111111101111110000000
00000001111100000000000000000000
00000001111100000000000000000000
00000001111100000000000000000000
00000001111100000000000000000000
00000001111000111100000000000000
00000001111101111111000000000000
00000001111111111111000000000000
00000001111111111111000000000000
00000001111111111111100000000000
00000011111111111111100000000000
00000001111110000111100000000000
00000001111100000111100000000000
00000000000000000111100000000000
00000000000000000111100000000000
00000000000000000111100000000000
00000000000000000111100000000000
00000000000000000111100000000000
00000000000000000111100000000000
00000000000000001111100000000000
00000000000000001111100000000000
00000000000000011111000000000000
00000000011111111111000000000000
00000000011111111111000000000000
00000000011111111100000000000000
00000000011111111100000000000000
00000000000011100000000000000000
