00000000000000000100000000000000
00000000000000001111100000000000
00000000000000011111110000000000
00000000000001111111110000000000
00000000000001111111110000000000
00000000000011111111111000000000
00000000000111011110000000000000
00000000000111111000000000000000
00000000000110111000000000000000
00000000001111100000000000000000
00000000011011100000000000000000
00000000001111100000000000000000
00000000001111000000000000000000
00000000011111000000000000000000
00000000011110000000000000000000
00000000011111000000000000000000
00000000011111000000000000000000
00000000011111111111100000000000
00000000001111111111111000000000
00000000111111111111111100000000
00000000111111111111111100000000
00000001111111111111111111000000
00000000011111100000001111100000
00000000011111100000001111100000
00000000001111100000001111100000
00000000000011110000000111110000
00000000000011111000001111110000
00000000000001111111111111100000
00000000000000111111111111100000
00000000000000011111111111000000
00000000000000001111111110000000
00000000000000000111111000000000
