00000000000000011000000000000000
00000000000001111110000000000000
00000000000011111110000000000000
00000000000011111111000000000000
00000000000011111110000000000000
00000000000111111100000000000000
00000000001111110000000000000000
00000000000111110000000000000000
00000000001111000000000000000000
00000000001111000000000000000000
00000000001111000000000000000000
00000000011111000000000000000000
00000000011111000000000000000000
00000000011111000000000000000000
00000000111110000000000000000000
00000000011111000000000000000000
00000000011110000000000000000000
00000000111110011111000000000000
00000000011111111111110000000000
00000000111111111111111000000000
00000000011111111111111100000000
00000000011111111111111100000000
00000000011111111000111111000000
00000000011111111000011111000000
00000000001111111100001111000000
00000000001111010000011111000000
00000000000111100000001111100000
00000000000111100000111111000000
00000000000011111000111111000000
00000000000011111111111110000000
00000000000000011111111100000000
00000000000000011111111000000000
