00000000000000111110000000000000
00000000000011111111110000000000
00000000001111111111111000000000
00000000001111111111111100000000
00000000011111110000001100000000
00000000011111100000000000000000
00000000111110000000000000000000
00000000111110000000000000000000
00000000111110000000000000000000
00000000111100000000000000000000
00000001111100000000000000000000
00000001111000000000000000000000
00000001110000000000000000000000
00000011110000000000000000000000
00000001111000000000000000000000
00000001110000000000000000000000
00000011110000001110000000000000
00000011110000111111000000000000
00000011111111111111111000000000
00000001111111111111111100000000
00000001111111111011111110000000
00000001111111110000011110000000
00000001111111100000001111000000
00000001111111110000001111000000
00000000111111111110001111000000
00000000011111111111001111100000
00000000011111111110011111100000
00000000011111101111111111000000
00000000011111111111111111000000
00000000001111111111111100000000
00000000000011111111111000000000
00000000000000111111000000000000
