00000000000000110000000000000000
00000000000011111000000000000000
00000000001111111000000000000000
00000000001111111100000000000000
00000000001111111000000000000000
00000000011111110000000000000000
00000000111110000000000000000000
00000000111110000000000000000000
00000001111110000000000000000000
00000001111100000000000000000000
00000011111100000000000000000000
00000011111000000000000000000000
00000001111000000000000000000000
00000011111000000000000000000000
00000011111000000000000000000000
00000011111000000000000000000000
00000011110000011111110000000000
00000011110000111111111100000000
00000011110001111111111100000000
00000011100011111111111100000000
00000011100111111111111110000000
00000001111111111111111111000000
00000001111111111111111111000000
00000001111111111100111111000000
00000001111111110000111111100000
00000001111111111111111111000000
00000000111111111111111111000000
00000000111111111111111110000000
00000000011111111111111110000000
00000000001111111111111000000000
00000000000111111111100000000000
00000000000001111100000000000000
