00000000000011100000000000000000
00000000000111100000000000000000
00000000000111100000000000000000
00000000000011111000000000000000
00000000000111110000000000000000
00000000000111110000000000000000
00000000000111110000000000000000
00000000001111100000000000000000
00000000011111000000000000000000
00000000011111000000000000000000
00000000011110000000000000000000
00000000111110000000000000000000
00000001111100000000000000000000
00000001111100000000000000000000
00000001111000000000000000000000
00000011111000000000000000000000
00000011111000000000000000000000
00000011111000000000000000000000
00000011111000000111110000000000
00000011111001111111111110000000
00000011111111111111111111000000
00000011111111111111111111000000
00000011111111110000111111000000
00000001111111000000001110000000
00000001111110000000001111000000
00000001111111000000001111000000
00000000111111000001111111000000
00000000011111111111111110000000
00000000011111111111111110000000
00000000000111111101111100000000
00000000000000011111111000000000
00000000000000000011110000000000
