00000000000000010000000000000000
00000000000011111000000000000000
00000000000111111100000000000000
00000000000111111110000000000000
00000000000111111110000000000000
00000000011111110000000000000000
00000000011111000000000000000000
00000000111110000000000000000000
00000000111110000000000000000000
00000000111110000000000000000000
00000000111110000000000000000000
00000001111100000000000000000000
00000001111100000000000000000000
00000001111101111000000000000000
00000000111111111100000000000000
00000001111111111100000000000000
00000001111111111100000000000000
00000001111111111100000100000000
00000001111111110000000110000000
00000000111111100000111111000000
00000001111111100000011111000000
00000000111110000000001111000000
00000001111100000000000111100000
00000000111100000000000111100000
00000000111100000000001111100000
00000000011111000000000111110000
00000000011111000000000111100000
00000000011111110000111111100000
00000000001111111111111111000000
00000000000111111111111111000000
00000000000001111111111111000000
00000000000000011111111100000000
