00000000000001111111000000000000
00000000001111111111100000000000
00000000011111111111110000000000
00000000111111111111111100000000
00000000111111111111111100000000
00000000111111000000111100000000
00000000111110000001111100000000
00000000111111000011111000000000
00000000001111110011111000000000
00000000001111110111111000000000
00000000000111111111110000000000
00000000000010011111000000000000
00000000000011111111000000000000
00000000000011111110000000000000
00000000000001111111000000000000
00000000000001111110000000000000
00000000000011111110000000000000
00000000000111111110000000000000
00000000001111111110000000000000
00000000000111111111000000000000
00000000001111100111000000000000
00000000001111000111000000000000
00000000011111000111000000000000
00000000011110000111000000000000
00000000111100011111000000000000
00000000011110001111100000000000
00000000011110011111000000000000
00000000011111111110000000000000
00000000111111111100000000000000
00000000011111111100000000000000
00000000001111111000000000000000
00000000001111110000000000000000
