00000000000000010000000000000000
00000000000011111100000000000000
00000000000011111110000000000000
00000000001111111111100000000000
00000000011111111111100000000000
00000000011111000111110000000000
00000000111110001111110000000000
00000001111000001111000000000000
00001111111000000111100000000000
00011111110000001111000000000000
00001111110000001111100000000000
00000111110000001111000000000000
00000111110000011111000000000000
00000011111100011110000000000000
00000001111100011110000000000000
00000000011111111110000000000000
00000000011111111100000000000000
00000000001111111100000000000000
00000000000011111100000000000000
00000000000011111100000000000000
00000000000001111110000000000000
00000000000011111111000000000000
00000000000111111111000000000000
00000000000011110111110000000000
00000000000111100011110000000000
00000000000111100001111000000000
00000000000111100001111000000000
00000000000111100011111000000000
00000000000011111111111000000000
00000000000011111111110000000000
00000000000000111111110000000000
00000000000000011111100000000000
