00000000000000010100000000000000
00000000000011111111110000000000
00000000000111111111111000000000
00000000011111111111111000000000
00000000111110000001111000000000
00000000111100000000011100000000
00000000111100000000011110000000
00000000111100000000001110000000
00000001111000000000000110000000
00000001111100000000000110000000
00000001111000000000001111000000
00000001111000000000001111100000
00000001111000000001111111000000
00000001111000000011111100000000
00000001111100000011111100000000
00000000111100001111110000000000
00000000011111011111100000000000
00000000011111111111000000000000
00000000001111111111000000000000
00000000000111111100000000000000
00000000000111111100000000000000
00000000000111111100000000000000
00000000000111111100000000000000
00000000001111111110000000000000
00000000001111111111000000000000
00000000001111111111000000000000
00000000001111001111100000000000
00000000001111000111100000000000
00000000001111101111100000000000
00000000000111111111100000000000
00000000000111111110000000000000
00000000000011111100000000000000
