00000000000000110000000000000000
00000000000111111110000000000000
00000000001111111111000000000000
00000011111111111111100000000000
00000011111111000111100000000000
00000011111110000001111000000000
00000011111100000001110000000000
00000011111000000011110000000000
00000111110000000011110000000000
00000111110000000111110000000000
00000011111000000111110000000000
00000011111000011111110000000000
00000011111111111111100000000000
00000011111111111111000000000000
00000000111111111111110000000000
00000000111111111101111000000000
00000000111111110000111100000000
00000001111110000000011111000000
00000001111110000000011111000000
00000000111100000000000111100000
00000000111100000000000111100000
00000001111100000000000111100000
00000000111100000000000111100000
00000000111100000000000111110000
00000000111100000000001111000000
00000000111100000000111111000000
00000000111110000011111100000000
00000000111110000111111100000000
00000000001111111111111000000000
00000000001111111111111000000000
00000000001111111110000000000000
00000000000111111110000000000000
