00000000000000011100000000000000
00000000000011111111000000000000
00000000001111111111100000000000
00000000001111111111110000000000
00000000011111000011110000000000
00000001111111000001111000000000
00000011111110000001111000000000
00000111111110000001111000000000
00000011111100000000111000000000
00000111110000000001111000000000
00000111100000000001111000000000
00000111100000000011111000000000
00000111110000001111110000000000
00000111110000001111110000000000
00000001111000001111100000000000
00000001111111111111000000000000
00000001111111111111000000000000
00000000011111111110000000000000
00000000001111111111000000000000
00000000000111111111110000000000
00000000001111111111111100000000
00000000111111000011111110000000
00000000111110000000111110000000
00000001111100000000011111000000
00000001111100000000001111100000
00000000111110000000000111110000
00000000111100000000000111110000
00000000011110000000001111110000
00000000011111000001111111100000
00000000001111111111111111000000
00000000000011111111111110000000
00000000000000111111111000000000
