00000000000000100000000000000000
00000000000111111111000000000000
00000000001111111111000000000000
00000000001111111111110000000000
00000000011111111111111000000000
00000000111111111111111000000000
00000000111111000111111000000000
00000000011111000001111100000000
00000000011110000000111100000000
00000000011110000001111100000000
00000000011110000001111000000000
00000000001110000000111100000000
00000000001110000000111100000000
00000000001111000001111100000000
00000000011111000001111100000000
00000000000111100011111110000000
00000000000111111111111110000000
00000000000111111111111110000000
00000000000001111111111111000000
00000000000001111111111111000000
00000000000000000000001111000000
00000000000000000000001111000000
00000000000000000000000111100000
00000000000000000000001111100000
00000000000000000000011111100000
00000000001110000000111111000000
00000000011111111111111111100000
00000000011111111111111111000000
00000000001111111111111110000000
00000000001111111111111110000000
00000000000011111111111000000000
00000000000011111111110000000000
