00000000000001100000000000000000
00000000001111111100000000000000
00000000011111111110000000000000
00000000111111111111110000000000
00000000111111111111000000000000
00000001111111111111110000000000
00000001111110001111110000000000
00000000111110000011111100000000
00000000111100000001111100000000
00000001111110000011111100000000
00000001111100000011111100000000
00000000111110000001111110000000
00000000111110000001111110000000
00000000111111000111111110000000
00000000111111000111111110000000
00000000001111111111111111000000
00000000001110111111111111000000
00000000000011111111111111000000
00000000000011111110011111100000
00000000000000000000011111000000
00000000000000000000011111000000
00000000000000000000011111100000
00000000000000000000011111100000
00000000000000000000111111100000
00000000000000000000111111000000
00000000000110000111111111000000
00000000001111111111111110000000
00000000001111111111111110000000
00000000011111111111111100000000
00000000011111111111110000000000
00000000000111111111110000000000
00000000000010000000000000000000
