00000000000100000000000000000000
00000000011111000000000000000000
00000000111111110000000000000000
00000000111111111100000000000000
00000001111111111100000000000000
00000001111111111100000000000000
00000000111100000111100000000000
00000000111100000111100000000000
00000000111100000111110000000000
00000000111100000111110000000000
00000000111100000011111000000000
00000000111100000011111000000000
00000000011100000011111000000000
00000000000111000011111100000000
00000000000111111111111100000000
00000000000011111111111100000000
00000000000011111111111100000000
00000000000001011111111110000000
00000000000000000000011110000000
00000000000000000000011110000000
00000000000000000000001111100000
00000000000000000000000111100000
00000000000000000000000111100000
00000000000000000000000111100000
00000000000000000000000111100000
00000000000000000000000111100000
00000000000000000000011111100000
00000000000000101111111111110000
00000000011111111111111111100000
00000000111111111111111111000000
00000000011111111111111100000000
00000000000001111111111000000000
