00000000000000000000111000000000
00000000000000000011111110000000
00000000000000011111111111111100
00000000000000111111111111111100
00000000000011111111111111111100
00000000000011111110001111111100
00000000000111110000001111111000
00000000000111100000000111111000
00000000001111100000000111111000
00000000011110000000001111110000
00000000011110000000011111110000
00000000011110000000111111110000
00000001111111001111111111000000
00000000111111111111111111000000
00000000011111111111111111000000
00000000111111111111111110000000
00000000011111110000111110000000
00000000001111100000111110000000
00000000000000000001111000000000
00000000000000000001111000000000
00000000000000000001111000000000
00000000000000000111100000000000
00000000000000000111100000000000
00000000000000000111100000000000
00000000000000001111000000000000
00000000000000001111000000000000
00000000000000001111000000000000
00000000000000011110000000000000
00000000000000111110000000000000
00000000000000011110000000000000
00000000000000111100000000000000
00000000000000111000000000000000
