00000000011110000000000000000000
00000000111111000000000000000000
00000000111111100000000000000000
00000001111111110000000000000000
00000011111111111000000000000000
00000011111111111000000000000000
00000011111000111110000000000000
00000111110000111111000000000000
00000111100000111111110000000000
00000111100000111111110000000000
00000011110000001111111000000000
00000011111111111111111000000000
00000011111111111111111000000000
00000001111111111111111000000000
00000000111111111111111000000000
00000000001111111111111000000000
00000000000000000011111000000000
00000000000000000011111000000000
00000000000000000001111100000000
00000000000000000001111100000000
00000000000000000001111100000000
00000000000000000001111100000000
00000000000000000000111110000000
00000000000000000000001111000000
00000000000000000000001111100000
00000001111000000000001111100000
00000001111110000000001111100000
00000001111111111100001111100000
00000001111111111111111111100000
00000000111111111111111111100000
00000000000011111111111111100000
00000000000000011111111111000000
