00000000000011111000000000000000
00000000001111111110000000000000
00000000011111111111000000000000
00000000011111111111110000000000
00000000011111100111111000000000
00000000011110000001111000000000
00000000111100000001111000000000
00000000111000000001111000000000
00000000111000000001111000000000
00000001111100000001111000000000
00000001111100000001111000000000
00000001111110000000111100000000
00000011111111000000111100000000
00000011110011100000111100000000
00000001111101100001111100000000
00000001111111100111111110000000
00000000111111111111111110000000
00000000011111111111111110000000
00000000000111111110011110000000
00000000000000000000001110000000
00000000000000000000001111000000
00000000000000000000001111000000
00000000000000000000000111000000
00000000000000000000000111000000
00000000000000000000000111000000
00000000000000000000000111000000
00000000011110000000001111000000
00000000011111100000001110000000
00000000011111111001111110000000
00000000011111111111111100000000
00000000000011111111111100000000
00000000000000111111111000000000
