1.000000	0.409175	1.883180
1.000000	0.182603	0.063908
1.000000	0.663687	3.042257
1.000000	0.517395	2.305004
1.000000	0.013643	-0.067698
1.000000	0.469643	1.662809
1.000000	0.725426	3.275749
1.000000	0.394350	1.118077
1.000000	0.507760	2.095059
1.000000	0.237395	1.181912
1.000000	0.057534	0.221663
1.000000	0.369820	0.938453
1.000000	0.976819	4.149409
1.000000	0.616051	3.105444
1.000000	0.413700	1.896278
1.000000	0.105279	-0.121345
1.000000	0.670273	3.161652
1.000000	0.952758	4.135358
1.000000	0.272316	0.859063
1.000000	0.303697	1.170272
1.000000	0.486698	1.687960
1.000000	0.511810	1.979745
1.000000	0.195865	0.068690
1.000000	0.986769	4.052137
1.000000	0.785623	3.156316
1.000000	0.797583	2.950630
1.000000	0.081306	0.068935
1.000000	0.659753	2.854020
1.000000	0.375270	0.999743
1.000000	0.819136	4.048082
1.000000	0.142432	0.230923
1.000000	0.215112	0.816693
1.000000	0.041270	0.130713
1.000000	0.044136	-0.537706
1.000000	0.131337	-0.339109
1.000000	0.463444	2.124538
1.000000	0.671905	2.708292
1.000000	0.946559	4.017390
1.000000	0.904176	4.004021
1.000000	0.306674	1.022555
1.000000	0.819006	3.657442
1.000000	0.845472	4.073619
1.000000	0.156258	0.011994
1.000000	0.857185	3.640429
1.000000	0.400158	1.808497
1.000000	0.375395	1.431404
1.000000	0.885807	3.935544
1.000000	0.239960	1.162152
1.000000	0.148640	-0.227330
1.000000	0.143143	-0.068728
1.000000	0.321582	0.825051
1.000000	0.509393	2.008645
1.000000	0.355891	0.664566
1.000000	0.938633	4.180202
1.000000	0.348057	0.864845
1.000000	0.438898	1.851174
1.000000	0.781419	2.761993
1.000000	0.911333	4.075914
1.000000	0.032469	0.110229
1.000000	0.499985	2.181987
1.000000	0.771663	3.152528
1.000000	0.670361	3.046564
1.000000	0.176202	0.128954
1.000000	0.392170	1.062726
1.000000	0.911188	3.651742
1.000000	0.872288	4.401950
1.000000	0.733107	3.022888
1.000000	0.610239	2.874917
1.000000	0.732739	2.946801
1.000000	0.714825	2.893644
1.000000	0.076386	0.072131
1.000000	0.559009	1.748275
1.000000	0.427258	1.912047
1.000000	0.841875	3.710686
1.000000	0.558918	1.719148
1.000000	0.533241	2.174090
1.000000	0.956665	3.656357
1.000000	0.620393	3.522504
1.000000	0.566120	2.234126
1.000000	0.523258	1.859772
1.000000	0.476884	2.097017
1.000000	0.176408	0.001794
1.000000	0.303094	1.231928
1.000000	0.609731	2.953862
1.000000	0.017774	-0.116803
1.000000	0.622616	2.638864
1.000000	0.886539	3.943428
1.000000	0.148654	-0.328513
1.000000	0.104350	-0.099866
1.000000	0.116868	-0.030836
1.000000	0.516514	2.359786
1.000000	0.664896	3.212581
1.000000	0.004327	0.188975
1.000000	0.425559	1.904109
1.000000	0.743671	3.007114
1.000000	0.935185	3.845834
1.000000	0.697300	3.079411
1.000000	0.444551	1.939739
1.000000	0.683753	2.880078
1.000000	0.755993	3.063577
1.000000	0.902690	4.116296
1.000000	0.094491	-0.240963
1.000000	0.873831	4.066299
1.000000	0.991810	4.011834
1.000000	0.185611	0.077710
1.000000	0.694551	3.103069
1.000000	0.657275	2.811897
1.000000	0.118746	-0.104630
1.000000	0.084302	0.025216
1.000000	0.945341	4.330063
1.000000	0.785827	3.087091
1.000000	0.530933	2.269988
1.000000	0.879594	4.010701
1.000000	0.652770	3.119542
1.000000	0.879338	3.723411
1.000000	0.764739	2.792078
1.000000	0.504884	2.192787
1.000000	0.554203	2.081305
1.000000	0.493209	1.714463
1.000000	0.363783	0.885854
1.000000	0.316465	1.028187
1.000000	0.580283	1.951497
1.000000	0.542898	1.709427
1.000000	0.112661	0.144068
1.000000	0.816742	3.880240
1.000000	0.234175	0.921876
1.000000	0.402804	1.979316
1.000000	0.709423	3.085768
1.000000	0.867298	3.476122
1.000000	0.993392	3.993679
1.000000	0.711580	3.077880
1.000000	0.133643	-0.105365
1.000000	0.052031	-0.164703
1.000000	0.366806	1.096814
1.000000	0.697521	3.092879
1.000000	0.787262	2.987926
1.000000	0.476710	2.061264
1.000000	0.721417	2.746854
1.000000	0.230376	0.716710
1.000000	0.104397	0.103831
1.000000	0.197834	0.023776
1.000000	0.129291	-0.033299
1.000000	0.528528	1.942286
1.000000	0.009493	-0.006338
1.000000	0.998533	3.808753
1.000000	0.363522	0.652799
1.000000	0.901386	4.053747
1.000000	0.832693	4.569290
1.000000	0.119002	-0.032773
1.000000	0.487638	2.066236
1.000000	0.153667	0.222785
1.000000	0.238619	1.089268
1.000000	0.208197	1.487788
1.000000	0.750921	2.852033
1.000000	0.183403	0.024486
1.000000	0.995608	3.737750
1.000000	0.151311	0.045017
1.000000	0.126804	0.001238
1.000000	0.983153	3.892763
1.000000	0.772495	2.819376
1.000000	0.784133	2.830665
1.000000	0.056934	0.234633
1.000000	0.425584	1.810782
1.000000	0.998709	4.237235
1.000000	0.707815	3.034768
1.000000	0.413816	1.742106
1.000000	0.217152	1.169250
1.000000	0.360503	0.831165
1.000000	0.977989	3.729376
1.000000	0.507953	1.823205
1.000000	0.920771	4.021970
1.000000	0.210542	1.262939
1.000000	0.928611	4.159518
1.000000	0.580373	2.039114
1.000000	0.841390	4.101837
1.000000	0.681530	2.778672
1.000000	0.292795	1.228284
1.000000	0.456918	1.736620
1.000000	0.134128	-0.195046
1.000000	0.016241	-0.063215
1.000000	0.691214	3.305268
1.000000	0.582002	2.063627
1.000000	0.303102	0.898840
1.000000	0.622598	2.701692
1.000000	0.525024	1.992909
1.000000	0.996775	3.811393
1.000000	0.881025	4.353857
1.000000	0.723457	2.635641
1.000000	0.676346	2.856311
1.000000	0.254625	1.352682
1.000000	0.488632	2.336459
1.000000	0.519875	2.111651
1.000000	0.160176	0.121726
1.000000	0.609483	3.264605
1.000000	0.531881	2.103446
1.000000	0.321632	0.896855
1.000000	0.845148	4.220850
1.000000	0.012003	-0.217283
1.000000	0.018883	-0.300577
1.000000	0.071476	0.006014
