00000000000000000011111000000000
00000000000000000111111100000000
00000000000000000111111100000000
00000000000000011111111000000000
00000000000000011111111000000000
00000000000000011111111000000000
00000000000000011111111000000000
00000000000000111111111000000000
00000000000001111111111000000000
00000000000001111111111000000000
00000000000011111111111000000000
00000000000111111111111000000000
00000000011111111111110000000000
00000000111111111111110000000000
00000001111111111111110000000000
00000011111111111111110000000000
00000011111111011111110000000000
00000111111110011111110000000000
00000011111100011111110000000000
00000011111000011111110000000000
00000001110000011111110000000000
00000000000000111111100000000000
00000000000000111111100000000000
00000000000000011111100000000000
00000000000000011111110000000000
00000000000000011111110000000000
00000000000000001111110000000000
00000000000000001111111100000000
00000000000000000111111110000000
00000000000000000111111111000000
00000000000000000111111110000000
00000000000000000011111100000000
