00000000000000000001110000000000
00000000000000000011111000000000
00000000000000000111111100000000
00000000000000000011111110000000
00000000000000000111111110000000
00000000000000111111111100000000
00000000000001111111111000000000
00000000000111111111111000000000
00000000001111111111111000000000
00000000111111111111111000000000
00000111111111111111110000000000
00000111111111111111110000000000
00000011111111001111111000000000
00000011111111001111110000000000
00000001111000001111110000000000
00000000000000001111110000000000
00000000000000001111110000000000
00000000000000011111100000000000
00000000000000011111100000000000
00000000000000011111100000000000
00000000000000011111100000000000
00000000000000011111110000000000
00000000000000001111110000000000
00000000000000011111110000000000
00000000000000001111110000000000
00000000000000001111110000000000
00000000000000001111111000000000
00000000000000001111111000000000
00000000000000001111111000000000
00000000000000000111111000000000
00000000000000000011111100000000
00000000000000000011111000000000
