00000000000011111100000000000000
00000000000011111111000000000000
00000000000111111111000000000000
00000000000011111111000000000000
00000000000111111111000000000000
00000000000111111111000000000000
00000000000111111111000000000000
00000000000011111111100000000000
00000000000111111111000000000000
00000000000011111111100000000000
00000000000011111111100000000000
00000000000001111111110000000000
00000000000011111111100000000000
00000000000001111111110000000000
00000000000011111111100000000000
00000000000001111111110000000000
00000000000011111111100000000000
00000000000111111111000000000000
00000000000011111111100000000000
00000000000111111111000000000000
00000000000011111111000000000000
00000000000111111111000000000000
00000000000011111111100000000000
00000000000011111111000000000000
00000000000011111111000000000000
00000000000111111111000000000000
00000000000111111111000000000000
00000000000111111111000000000000
00000000000111111111100000000000
00000000000111111111100000000000
00000000000011111111100000000000
00000000000001111111100000000000
