00000000000000000000110000000000
00000000000000000011111000000000
00000000000000000111111100000000
00000000000000000011111110000000
00000000000000000011111110000000
00000000000000000011111110000000
00000000000000000011111100000000
00000000000000000111111100000000
00000000000000011111111100000000
00000000000000111111111100000000
00000000000000111111111100000000
00000000000111111111111100000000
00000000000111111111111100000000
00000000011111111111111100000000
00000011111111111111111100000000
00000011111111111111111100000000
00000011111111000111111100000000
00000011111110000111111100000000
00000001110000000111111100000000
00000000000000000111111000000000
00000000000000000111111000000000
00000000000000000011111100000000
00000000000000000011111100000000
00000000000000000111111100000000
00000000000000000111111100000000
00000000000000000111111000000000
00000000000000000111111100000000
00000000000000000111111100000000
00000000000000000111111000000000
00000000000000000111111000000000
00000000000000000111111100000000
00000000000000000000110000000000
