00000000000001111110000000000000
00000000000011111110000000000000
00000000000011111111000000000000
00000000000111111111000000000000
00000000000011111111110000000000
00000000001111111111110000000000
00000000001111111111110000000000
00000000001111111111110000000000
00000000011111111111100000000000
00000000011111111111100000000000
00000000011111111111000000000000
00000000011111111111000000000000
00000000011111111110000000000000
00000000011111111111000000000000
00000000011111111110000000000000
00000000011111111110000000000000
00000000011111111100000000000000
00000000111111111100000000000000
00000000111111111100000000000000
00000000111111111000000000000000
00000000111111111100000000000000
00000000111111111000000000000000
00000000011111111100000000000000
00000000011111111100000000000000
00000000011111111110000000000000
00000000011111111110000000000000
00000000011111111100000000000000
00000000001111111110000000000000
00000000001111111110000000000000
00000000000011111111000000000000
00000000000011111110000000000000
00000000000000111110000000000000
