00000000000000001111100000000000
00000000000000111111111000000000
00000000000011111111100000000000
00000000000011111111100000000000
00000000000011111111100000000000
00000000000011111111100000000000
00000000001111111111100000000000
00000000001111111111100000000000
00000000011111111111100000000000
00000000011111111111000000000000
00000000111111111111100000000000
00000000111111111111110000000000
00000000111111111111110000000000
00000000111111111111110000000000
00000000111111111111110000000000
00000000111111111111110000000000
00000000111111111111110000000000
00000000111111111111110000000000
00000000111111111111110000000000
00000000111111111111110000000000
00000000111111111111110000000000
00000000111111111111111100000000
00000000111111111111111100000000
00000000011111111111111111100000
00000000011111111111111110000000
00000000011111111111111110000000
00000000011111111111111111100000
00000000000111111111111111100000
00000000000111111111111111100000
00000000000011111111111111100000
00000000000011111111111110000000
00000000000000000000111000000000
