00000000000000000000111100000000
00000000000000000111111111000000
00000000000000001111111111100000
00000000000000111111111111100000
00000000000001111111111111100000
00000000000111111111111111100000
00000000111111111111111111100000
00000001111111111111111111100000
00000001111111111111111111100000
00000001111111111000111111100000
00000001111111111111111111000000
00000000011111111111111111000000
00000000000001111111111111000000
00000000000000001111111111000000
00000000000000001111111110000000
00000000000000001111111110000000
00000000000000001111111110000000
00000000000000001111111110000000
00000000000000001111111110000000
00000000000000001111111110000000
00000000000000011111111110000000
00000000000000011111111110000000
00000000000000011111111110000000
00000000000000011111111100000000
00000000000000011111111100000000
00000000000000011111111100000000
00000000000000011111111100000000
00000000000000011111111110000000
00000000000000011111111110000000
00000000000000001111111100000000
00000000000000001111111100000000
00000000000000000001111100000000
