00000000000000000000001100000000
00000000000000000000111110000000
00000000000000000001111110000000
00000000000000000000111111000000
00000000000000000000111111000000
00000000000000000000111111000000
00000000000000000001111111000000
00000000000000000001111111000000
00000000000000000001111111000000
00000000000000000011111111000000
00000000000000000011111110000000
00000000000000000111111110000000
00000000000000000111111110000000
00000000000000001111111111000000
00000000000000001111111110000000
00000000000000001111111110000000
00000000000000001111111110000000
00000000000000011111111110000000
00000000000001111111111110000000
00000000000011111111111100000000
00000000000011111111111100000000
00000000000111111111111100000000
00000000001111111000111100000000
00000000011111110000111100000000
00000000111111110001111100000000
00000000111111100001111100000000
00000000111110000001111100000000
00000011111100000001111100000000
00000011111100000001111100000000
00000000000000000001111110000000
00000000000000000000111110000000
00000000000000000000011110000000
