00000000000000000001111000000000
00000000000000000001111100000000
00000000000000000011111100000000
00000000000000000011111110000000
00000000000000000111111110000000
00000000000000000111111110000000
00000000000000001111111110000000
00000000000001111111111110000000
00000000000001111111111110000000
00000000000011111111111110000000
00000000001111111111111100000000
00000000001111111111111100000000
00000000111111110011111100000000
00000001111111110011111100000000
00000001111111100001111100000000
00000011111111000001111100000000
00000011111100000011111100000000
00000011110000000011111100000000
00000001100000000001111100000000
00000000000000000011111100000000
00000000000000000011111100000000
00000000000000000011111100000000
00000000000000000011111100000000
00000000000000000011111100000000
00000000000000000111111100000000
00000000000000000111111100000000
00000000000000000011111100000000
00000000000000000011111100000000
00000000000000000011111100000000
00000000000000000011111100000000
00000000000000000000011100000000
00000000000000000000010000000000
