00000000000000000001100000000000
00000000000000000011100000000000
00000000000000001111111100000000
00000000000000011111111100000000
00000000000000011111111100000000
00000000000000011111111100000000
00000000000000011111111100000000
00000000000001111111111000000000
00000000000111111111111000000000
00000001111111111111111000000000
00000001111111111111111000000000
00000011111111111111110000000000
00000011111111111111110000000000
00000001111111111111110000000000
00000000000000011111111000000000
00000000000000011111111000000000
00000000000000011111111000000000
00000000000000011111111000000000
00000000000000011111111000000000
00000000000000011111111000000000
00000000000000001111111000000000
00000000000000001111111000000000
00000000000000001111111100000000
00000000000000001111111100000000
00000000000000001111111100000000
00000000000000001111111111000000
00000000000000001111111110000000
00000000000000001111111111000000
00000000000000001111111111000000
00000000000000001111111111000000
00000000000000001111111111000000
00000000000000000000010000000000
