00000000000000000011110000000000
00000000000000001111111000000000
00000000000000001111111000000000
00000000000000001111111100000000
00000000000000001111111100000000
00000000000000001111111100000000
00000000000000001111111100000000
00000000000000001111111100000000
00000000000000001111111100000000
00000000000011111111111100000000
00000000001111111111111100000000
00000001111111111111111100000000
00000011111111111111111100000000
00000011111111111111111000000000
00000011111111001111111000000000
00000000000000001111111100000000
00000000000000001111111100000000
00000000000000001111111100000000
00000000000000001111111100000000
00000000000000001111111100000000
00000000000000001111111100000000
00000000000000001111111000000000
00000000000000001111111100000000
00000000000000001111111100000000
00000000000000001111111110000000
00000000000000011111111111000000
00000000000000001111111111000000
00000000000000011111111111000000
00000000000000011111111111000000
00000000000000001111111110000000
00000000000000001111111110000000
00000000000000000001111100000000
