00000000000000000111110000000000
00000000000000011111111000000000
00000000000000111111111000000000
00000000000000011111111100000000
00000000000000111111111100000000
00000000000000111111111000000000
00000000000001111111111000000000
00000000000001111111111100000000
00000000000011111111111000000000
00000000001111111111111000000000
00000000011111111111111000000000
00000011111111111111111100000000
00000111111111111111111100000000
00001111111111100111111000000000
00001111111111101111111000000000
00000111111111100111111100000000
00000111111100000111111100000000
00000011111100000111111100000000
00000000111100000011111100000000
00000000000000000111111100000000
00000000000000000111111100000000
00000000000000001111111000000000
00000000000000000111111100000000
00000000000000000111111000000000
00000000000000001111111000000000
00000000000000001111111000000000
00000000000000001111111000000000
00000000000000011111110000000000
00000000000000011111110000000000
00000000000000111111110000000000
00000000000000011111110000000000
00000000000000001111100000000000
