00000000000000000000011110000000
00000000000000001111111111000000
00000000000000111111111111000000
00000000000001111111111111000000
00000000000011111111111110000000
00000000000111110000011111000000
00000000000111100000011111000000
00000000000111100000011110000000
00000000000111100000011110000000
00000000000111100000011111000000
00000000000111100000111111000000
00000000000111110000111111000000
00000000000011110011111111000000
00000000000011111111111111000000
00000000000001111111111111000000
00000000000000111111111111000000
00000000000000001110001111000000
00000000000000000000001111000000
00000000000000000000001111000000
00000000000000000000001111000000
00000000000000000000001111000000
00000000000000000000001111000000
00000000000000000000011111000000
00000001111000000000011111000000
00000011111100000000011110000000
00000011111110000000011110000000
00000001111111000000011110000000
00000000111111110000011110000000
00000000001111111111111110000000
00000000000000111111111100000000
00000000000000001111111100000000
00000000000000000001111000000000
