00000000000011110000000000000000
00000000001111111000000000000000
00000000111111111110000000000000
00000000011111111111100000000000
00000000111111111111100000000000
00000001111111111111111000000000
00000011111110001111111000000000
00000011111100000011111110000000
00000011111000000011111110000000
00000011111000000011111110000000
00000111110000000011111110000000
00000111110000000011111110000000
00000011111111100111111111000000
00000001111111111111111111000000
00000001111111111111111111000000
00000000111111111111111111000000
00000000011111111111111111000000
00000000000111111110011111000000
00000000000000000000011111000000
00000000000000000000011111000000
00000000000000000000011111000000
00000000000000000000001111100000
00000000000000000000001111100000
00000000000000000000001111100000
00000000001000000000111111000000
00000000011100000001111111000000
00000000011110011111111111000000
00000000111111111111111110000000
00000000111111111111111000000000
00000000111111111111110000000000
00000000011111111111100000000000
00000000000001000000000000000000
