00000000000000001111000000000000
00000000000000001111000000000000
00000000000001111111100000000000
00000000000111111111100000000000
00000000011111111111000000000000
00000000011111111111001100000000
00000000111111110011111100000000
00000000111110000011111110000000
00000001111100000001111110000000
00000001011100000000111110000000
00000000111000000001111110000000
00000001111100000001111110000000
00000001111111111111111100000000
00000000111111111111111100000000
00000000111111111111111100000000
00000000011111111110111100000000
00000000001111111100011100000000
00000000000011100000011110000000
00000000000000000000001110000000
00000000000000000000001110000000
00000000000000000000001110000000
00000000000000000000011100000000
00000000000000000000011100000000
00000000000000000000011110000000
00000000000000000000001110000000
00000000000011000000001110000000
00000000000011100000011110000000
00000000000011111100011110000000
00000000000001111111111110000000
00000000000001111111111100000000
00000000000001111111111000000000
00000000000000001111100000000000
