00000000000000001111000000000000
00000000000000011111100000000000
00000000000001111111110000000000
00000000000111111111100000000000
00000000001111111111100000000000
00000000011111110001100000000000
00000000111110000000111000000000
00000000111110000000111000000000
00000000111100000001111000000000
00000000111100000001111100000000
00000001111100011111111110000000
00000000111111111111111110000000
00000001111111111111111110000000
00000000111111111111111110000000
00000000011111111100011110000000
00000000000010001000011110000000
00000000000000000000001111000000
00000000000000000000001111000000
00000000000000000000001111000000
00000000000000000000001111000000
00000000000000000000000111000000
00000000000000000000001110000000
00000000000000000000001110000000
00000000000000000000011110000000
00000000000000000000011110000000
00000000000000000000011110000000
00000000000001000000011110000000
00000000000011110000111110000000
00000000000011111111111100000000
00000000000001111111111100000000
00000000000011111111110000000000
00000000000000011111000000000000
