00000000000000000010000000000000
00000000000000001111100000000000
00000000000111111111111000000000
00000000011111111111110000000000
00000001111111111111110000000000
00000001111111110011111000000000
00000001111111100011111000000000
00000011111100000001111110000000
00000011111100000011111110000000
00000011111000000011111110000000
00000011111000001111111110000000
00000001111000001111111110000000
00000011111000001111110010000000
00000011111000011111101110000000
00000001111111111111011110000000
00000001111111111101111100000000
00000000111111110011111100000000
00000000011111101111111100000000
00000000000111100011111000000000
00000000000001000011111000000000
00000000000000001111110000000000
00000000000000001111110000000000
00000000000000001111110000000000
00000000000000001111000000000000
00000000000000011111000000000000
00000000000000011111000000000000
00000000000001111100000000000000
00000000000001111100000000000000
00000000000111110000000000000000
00000000000111110000000000000000
00000000001111000000000000000000
00000000001100000000000000000000
