00000000000000000000101000000000
00000000000000011111111110000000
00000000000000111111111111000000
00000000000111111111111111000000
00000000001111111000001111000000
00000000001111110000001111000000
00000000001111100000001111000000
00000000001111000000001111000000
00000000111100011111111111000000
00000000111100011111111111000000
00000001111100001111111111000000
00000001111111111111111111100000
00000000111111111111111111100000
00000000011111111100001111100000
00000000000000000000011111000000
00000000000000000000011111000000
00000000000000000000011111000000
00000000000000000000011111000000
00000000000000000000001111000000
00000000000000000000111110000000
00000000000000000000111110000000
00000000000000000000111110000000
00000000000000000000111100000000
00000000000000000000111100000000
00000000000000000001111100000000
00000000000000000011110000000000
00000000000000000111110000000000
00000000000000000111110000000000
00000000000000001111110000000000
00000000000000111111110000000000
00000000000001111100000000000000
00000000000001111000000000000000
