00000000000001111000000000000000
00000000000011111110000000000000
00000000000111111111000000000000
00000000011111111110000000000000
00000000111111111111000000000000
00000000111111001111000000000000
00000000111100000111100000000000
00000001111000000111110000000000
00000001111000000111110000000000
00000001111000000111110000000000
00000001111111111111111000000000
00000000111111111111111000000000
00000001111111111111111000000000
00000000111111111001111000000000
00000000000111110001111000000000
00000000000000000000111100000000
00000000000000000000111100000000
00000000000000000000111100000000
00000000000000000000011110000000
00000000000000000000011110000000
00000000000000000000011110000000
00000000000000000000111110000000
00000000000000000000011110000000
00000000000000000000011110000000
00000000000000000000011110000000
00000000000000000000011110000000
00000000111000000000011110000000
00000000111111111011111110000000
00000000111111111111111100000000
00000000000111111111111000000000
00000000001111111111110000000000
00000000000000011110000000000000
