00000000000000000000001100000000
00000000000000000000111111000000
00000000000000000001111111100000
00000000000000001111111111100000
00000000000000001111111111100000
00000000000000111111111111110000
00000000000011111110011111000000
00000000000111111100001111000000
00000000000111100000001111000000
00000000011111100000111111000000
00000000011111000001111110000000
00000000111110000001111110000000
00000000111110000001111110000000
00000011111100000111111100000000
00000001111111111111111110000000
00000001111111111111111110000000
00000000111111111111111110000000
00000000001100000000111110000000
00000000000000000000111110000000
00000000000000000000011110000000
00000000000000000000111110000000
00000000000000000000111110000000
00000000000000000000111110000000
00000000000000000000111110000000
00000000000000000000011110000000
00000000000000000000111110000000
00000000000000000000111110000000
00000000000000000000111100000000
00000000000000000001111100000000
00000000000000000001111100000000
00000000000000000000111100000000
00000000000000000000111000000000
