00000000000000000000000111100000
00000000000000000000111111100000
00000000000000011111111111111000
00000000000000011111111111111000
00000000000001111111111111111100
00000000000111111111000011111000
00000000001111111000000011111000
00000000001111100000000011111000
00000000011100000000011111110000
00000000111100000000011111110000
00000000111100000001111111100000
00000001111000001111111111000000
00000000111111111111111111000000
00000000111111111111111111000000
00000000111111111110111110000000
00000000111111111001111100000000
00000000000100000001111000000000
00000000000000000001111000000000
00000000000000000011110000000000
00000000000000000111100000000000
00000000000000000011100000000000
00000000000000000111100000000000
00000000000000001111000000000000
00000000000000001111000000000000
00000000000000000111000000000000
00000000000000011110000000000000
00000000000000011110000000000000
00000000000000001111000000000000
00000000000000011110000000000000
00000000000000011110000000000000
00000000000000011110000000000000
00000000000000000100000000000000
