00000000000000000000011000000000
00000000000000000011111110000000
00000000000000111111111111100000
00000000000011111111111111000000
00000000011111111111111111000000
00000000011111111100111111000000
00000000111111110011111111000000
00000000111111111111111111000000
00000000111111111111111111000000
00000000011111111111111111000000
00000000000111111111111111000000
00000000000011111111111111000000
00000000111111111000011111000000
00000001111111110000011111000000
00000011111000000000011110000000
00000011100000000000111110000000
00000000000000000000111110000000
00000000000000000001111110000000
00000000000000000001111110000000
00000000000000000011111100000000
00000000000000000011111100000000
00000000000000000111111000000000
00000000000000000111110000000000
00000000000000001111110000000000
00000000000000001111100000000000
00000000000000001111100000000000
00000000000000001111000000000000
00000000000000011111000000000000
00000000000000111111000000000000
00000000000000111111000000000000
00000000000001111110000000000000
00000000000000110000000000000000
