00000000000000110000000000000000
00000000001111111100000000000000
00000000011111111110000000000000
00000000011111111111110000000000
00000000011111111111110000000000
00000000111110000111111000000000
00000001111100000011111100000000
00000001111000000011111100000000
00000000111100000001111110000000
00000000111100000001111110000000
00000000111100000011111110000000
00000000111000000011111110000000
00000000111000000111111110000000
00000000111100011111111110000000
00000000011111111111111111000000
00000000011111111111011111000000
00000000000011111000001111000000
00000000000001000000001111000000
00000000000000000000001111000000
00000000000000000000000111100000
00000000000000000000000111100000
00000000000000000000000111100000
00000000000000000000000111100000
00000000000000000000001111100000
00000000110000000000001111000000
00000000011110000000000111000000
00000000011110000000001111000000
00000000111110000000111111000000
00000000011111000111111100000000
00000000011111111111111100000000
00000000000111111111111000000000
00000000000011111111110000000000
