00000000000011111100000000000000
00000000001111111100000000000000
00000000011111111100000000000000
00000000011111111110000000000000
00000000011111111111000000000000
00000000111110111111000000000000
00000001111110011111100000000000
00000001111100000111110000000000
00000001111100000111110000000000
00000001111100000011111000000000
00000011111000000111111000000000
00000011111000000111111000000000
00000011111000001111111000000000
00000001111100111111111100000000
00000011111111111111111000000000
00000011111111111111111100000000
00000001111111111111111100000000
00000001111111110001111110000000
00000000111111100000111110000000
00000000001000000000111110000000
00000000000000000000111110000000
00000000000000000000011111000000
00000000000000000000011111000000
00000000000000000000011110000000
00000000000000000000011110000000
00000000000000000000011110000000
00000000000000000001111110000000
00000000000010000111111110000000
00000000001111111111111000000000
00000000011111111111110000000000
00000000011111111111000000000000
00000000001111111000000000000000
