00000000000000011000000000000000
00000000000001111110000000000000
00000000000111111110000000000000
00000000001111111111100000000000
00000000001111111111110000000000
00000000011111111111110000000000
00000000001111100001111000000000
00000000001111000001111000000000
00000000001111000011110000000000
00000000000111100001111000000000
00000000000111111111111100000000
00000000000111111111111100000000
00000000000011111111111110000000
00000000000000111111111110000000
00000000000000011111111110000000
00000000000000000000001111000000
00000000000000000000001111000000
00000000000000000000001111000000
00000000000000000000000111100000
00000000000000000000000111100000
00000000000000000000000111100000
00000000000000000000000011110000
00000000000000000000000011110000
00000000000000000000000011110000
00000000001110000000000001111000
00000000001110000000000001111000
00000000001111000000000001111000
00000000001111111111111111111100
00000000001111111111111111111100
00000000000111111111111111111000
00000000000000111111111111111100
00000000000000001111111111110000
