00000000000000100000000000000000
00000000001111111111000000000000
00000000001111111111100000000000
00000000011111111111110000000000
00000000011111111111110000000000
00000000011111111111110000000000
00000001111100000111110000000000
00000001111100000111110000000000
00000001111000000111110000000000
00000001111100000111110000000000
00000000111100001111110000000000
00000000111111111111110000000000
00000000111111111111110000000000
00000000111111111111110000000000
00000000000011110011110000000000
00000000000000000011110000000000
00000000000000000011110000000000
00000000000000000001111000000000
00000000000000000001111000000000
00000000000000000000111100000000
00000000000000000001111000000000
00000000000000000000111100000000
00000000000000000000111100000000
00000000000000000000111100000000
00000000001110000000111110000000
00000000011111000000111110000000
00000000001111100000111110000000
00000000011111110001111100000000
00000000011111111111111100000000
00000000001111111111111100000000
00000000000001111111110000000000
00000000000000111111110000000000
