00000000000000100000000000000000
00000000000111111100000000000000
00000000001111111110000000000000
00000000111111111111000000000000
00000000111111111111000000000000
00000000011111111111111000000000
00000000011111000111111100000000
00000000011110000011111100000000
00000000111110000011111100000000
00000000111110000111111100000000
00000000011111000111111110000000
00000000011111111111111110000000
00000000001111111111111110000000
00000000001111111111111100000000
00000000000111111111111110000000
00000000000000011000011110000000
00000000000000000000011110000000
00000000000000000000011110000000
00000000000000000000011111000000
00000000000000000000001111100000
00000000000000000000000111100000
00000000000000000000000111100000
00000000000000000000000111100000
00000000000000000000000011110000
00000000000000000000000011110000
00000000111111000000000011110000
00000000111111100000000011110000
00000000111111111111111111110000
00000000011111111111111111110000
00000000001111111111111111110000
00000000001111111111111111100000
00000000000011111111111110000000
