00000000000000111000000000000000
00000000000011111100000000000000
00000000000011111110000000000000
00000000000111111110000000000000
00000000000011111111100000000000
00000000001111111111100000000000
00000000000111111011110000000000
00000000001111100011110000000000
00000000001111100011110000000000
00000000001111100001111000000000
00000000011111100001111000000000
00000000001111100000111100000000
00000000001111100001111100000000
00000000000111110001111110000000
00000000001111111111111110000000
00000000000111111111111111000000
00000000000001111111111111000000
00000000000001111111111111000000
00000000000000111111111111100000
00000000000000111111111111100000
00000000000000000000000111110000
00000000000000000000000111110000
00000000000000000000000011110000
00000000000000000000000011110000
00000000000000000000000001111000
00000000000000000000000111111000
00000000000000000000000111111000
00000000000111111111111111111000
00000000000111111111111111110000
00000000000011111111111111110000
00000000000011111111111111100000
00000000000000011101110000000000
