00000000000000011100000000000000
00000000000000111100000000000000
00000000000011111110000000000000
00000000000111111110000000000000
00000000000111111111000000000000
00000000011111111110000000000000
00000000011111111110000000000000
00000000111111111110011100000000
00000000111111111100111111100000
00000000111111001111111111100000
00000001111111111111111111000000
00000001111111111111111111000000
00000001111111111111111111000000
00000001111111111111111111000000
00000000111111111111111111000000
00000000000111111111111111000000
00000000000000110000111111000000
00000000000000000000111111000000
00000000000000000000111111000000
00000000000000000000111110000000
00000000000000000000111110000000
00000000000000000000111110000000
00000000000000000000111110000000
00000000000000000011111100000000
00000000000000000111111000000000
00000000000000001111111000000000
00000000000000111111111000000000
00000000000000111111111000000000
00000000000001111111000000000000
00000000000011111110000000000000
00000000000001111000000000000000
00000000000001110000000000000000
