00000000000000000000000100000000
00000000000000000011111111110000
00000000000000001111111111110000
00000000000011111111111111110000
00000000000111111111111111110000
00000000001111111111000111110000
00000000011111111000000111110000
00000000011111111111111111110000
00000001111111111111111111100000
00000001111111111111111111100000
00000000111111111111111111000000
00000000011111111111111111000000
00000000000000000000011111000000
00000000000000000000011111000000
00000000000000000000111110000000
00000000000000000000111110000000
00000000000000000001111110000000
00000000000000000001111100000000
00000000000000000001111100000000
00000000000000000011111000000000
00000000000000000011111000000000
00000000000000000111110000000000
00000000000000000111110000000000
00000000000000000111110000000000
00000000000000000111110000000000
00000000000000001111100000000000
00000000000000001111000000000000
00000000000000001111000000000000
00000000000000001111000000000000
00000000000000001111000000000000
00000000000000011100000000000000
00000000000000011000000000000000
