00000000000001000000000000000000
00000000001111111000000000000000
00000000011111111000000000000000
00000000111111111100000000000000
00000000111111111100000000000000
00000000111111111110000000000000
00000000111110001110000000000000
00000001111100001110000000000000
00000001111000001110000000000000
00000001110000001110000000000000
00000000111000000111000000000000
00000000111000001111000000000000
00000000011000001110000000000000
00000000000000011110000000000000
00000000000000011111000000000000
00000000000000011110000000000000
00000000000000111100000000000000
00000000000001111000000000000000
00000000000001111000000000000000
00000000000001111000000000000000
00000000000011111000000000000000
00000000000111110000000000000000
00000000000111100000000000000000
00000000000111100000000000000000
00000000000111100000000000000000
00000000011111011010000011100000
00000000011111111111111111110000
00000000111111111111111111110000
00000000011111111111111111111000
00000000011111111111111111111000
00000000011111111111111111110000
00000000001110000000000001100000
