00000000000010000000000000000000
00000000001111111000000000000000
00000000011111111100000000000000
00000000011111111111000000000000
00000001111111111111100000000000
00000001111111111111100000000000
00000011111110001111100000000000
00000001111100000111111000000000
00000001111000000011111000000000
00000011110000000011111000000000
00000011100000000011111000000000
00000000110000000001111100000000
00000001110000000000111100000000
00000001110000000000111100000000
00000000000000000001111000000000
00000000000000000000111100000000
00000000000000000001111000000000
00000000000000000001111000000000
00000000000000000001111100000000
00000000000000000001111000000000
00000000000000000011111000000000
00000000000000000011110000000000
00000000000000000111111000000000
00000000000000000111110000000000
00000000000000011111100000000000
00000000000001111111000000000000
00000000001111111111111111110000
00000000011111111111111111111000
00000000011111111111111111111000
00000000011111111111111111111000
00000000001111111111111111111100
00000000000000101100011111110000
