00000000011110000000000000000000
00000000111111000000000000000000
00000000111111100000000000000000
00000000011111110000000000000000
00000001111111111000000000000000
00000001111111111000000000000000
00000000111111111000000000000000
00000000111100111000000000000000
00000000111100111100000000000000
00000000011100111100000000000000
00000000011000111100000000000000
00000000000000111100000000000000
00000000000000111000000000000000
00000000000000111000000000000000
00000000000001111000000000000000
00000000000001111000000000000000
00000000000001111000000000000000
00000000000011111000000000000000
00000000000111110000000000000000
00000000000111110000000000000000
00000000001111100000000000000000
00000000011111000000000000000000
00000001111111000000000000000000
00000001111111000000001110000000
00000011111110000001111110000000
00000011111111111111111110000000
00000011111111111111111110000000
00000011111111111111111111000000
00000001111111111111111111000000
00000000111111111111111111000000
00000000000111111111111111000000
00000000000001111111111110000000
