00000000001111000000000000000000
00000000001111110000000000000000
00000000011111110000000000000000
00000001111111110000000000000000
00000001111111111000000000000000
00000001111111111000000000000000
00000001111101111100000000000000
00000001111001111100000000000000
00000011111000111100000000000000
00000011110000111100000000000000
00000001110000111100000000000000
00000001110000011100000000000000
00000001110000011110000000000000
00000001110000011100000000000000
00000001100000111110000000000000
00000000000000111110000000000000
00000000000000111100000000000000
00000000000000111100000000000000
00000000000000111100000000000000
00000000000001111100000000000000
00000000000001111100000000000000
00000000000001111100000000000000
00000000000011111100000000000000
00000000000111111000000000000000
00000000011111111111111100000000
00000000111111111111111111000000
00000001111111111111111111000000
00000000111111111111111111000000
00000000011111111111111111000000
00000000011111111111111111000000
00000000011000001111111100000000
00000000000000000000100000000000
