00000000000011111111111000000000
00000000001111111111111000000000
00000000111111111111111110000000
00000001111111111111111100000000
00000001111111111111111100000000
00000000111101000000111100000000
00000000111000000000011100000000
00000000000000000000111100000000
00000000000000000000111000000000
00000000000000000001111000000000
00000000000000000011110000000000
00000000000000000111110000000000
00000000000000111111100000000000
00000000000001111111000000000000
00000000000011111100000000000000
00000000000111111100000000000000
00000000000111111111100000000000
00000000000111111111111000000000
00000000000011111111111100000000
00000000000001111111111110000000
00000000000000000111111110000000
00000000000000000000111110000000
00000000000000000000011110000000
00000000000000000000011110000000
00000000000000000000011110000000
00000000000000000000011110000000
00000000110000000000111110000000
00000001111100000011111100000000
00000001111111111111111100000000
00000000111111111111111000000000
00000001111111111111100000000000
00000000000011111110000000000000
