00000000000111111111100000000000
00000000111111111111111000000000
00000000111111111111111000000000
00000000111111111111111100000000
00000000111111111111111100000000
00000000111111100000111100000000
00000000001100000000111100000000
00000000000000000000111100000000
00000000000000000011111100000000
00000000000000000011111000000000
00000000000000000111111000000000
00000000000000000111110000000000
00000000000000000011111000000000
00000000000000000111111000000000
00000000000000011111111110000000
00000000000000111111111110000000
00000000000000111111111110000000
00000000000001111111111110000000
00000000000001111111111111000000
00000000000000111000001111000000
00000000000000000000001111000000
00000000000000000000000111100000
00000000000000000000000111100000
00000000000000000000001111100000
00000000011000000000001111000000
00000000111100000000011111000000
00000000111111000000111111000000
00000001111111111111111110000000
00000000111111111111111100000000
00000000111111111111111100000000
00000000000111111111111100000000
00000000000000011111000000000000
