00000000000000000001000000000000
00000000000000011111100000000000
00000000001111111111111000000000
00000000111111111111111000000000
00000001111111111111111000000000
00000011111111111111111000000000
00000001111111100011111100000000
00000111111110000111111100000000
00000011110000000111111000000000
00000011100000001111110000000000
00000001000000001111110000000000
00000000000000011111000000000000
00000000000000111111000000000000
00000000000000011111100000000000
00000000000000011111000000000000
00000000000000011111000000000000
00000000000000011111100000000000
00000000000000011111100000000000
00000000000000011111100000000000
00000000000000011111111000000000
00000000000000001111111110000000
00000000000000000111111111100000
00000000000000000011111111100000
00000000000000000001111111100000
00000000000000000000111111100000
00000000000000000001111111000000
00000000000000000011111111000000
00000000000001001111111111100000
00000000000011111111111100000000
00000000001111111111111000000000
00000000001111111111100000000000
00000000000001111000000000000000
