00000000000000011111000000000000
00000000000000111110000000000000
00000000000001111111000000000000
00000000000001111110000000000000
00000000000001111110000000000000
00000000000011111100000000000000
00000000000001111110000000100000
00000000000001111110000011100000
00000000000011111100000111100000
00000000000011111100000111110000
00000000000111111000001111110000
00000000000111111000001111110000
00000000001111110000011111100000
00000000000111110000011111100000
00000000011111100000111111000000
00000000011111100000111111000000
00000001111111000001111110000000
00000111111111111111111100000000
00001111111111111111111100000000
00001111111111111111111000000000
00001111111111111111111100000000
00001111111111111111111000000000
00000111111111111111111000000000
00000000001110011111110000000000
00000000000000011111110000000000
00000000000000111111100000000000
00000000000000111111100000000000
00000000000000111111100000000000
00000000000001111111000000000000
00000000000001111111000000000000
00000000000011111110000000000000
00000000000011111100000000000000
