00000000000000001111100000000000
00000000000000001111110000000000
00000000000000001111111000000000
00000000000000011111110000000000
00000000000000011111110000000000
00000000000000001111110000000000
00000000000000011111100000000000
00000000000000011111100000000000
00000000000000011111100000000000
00000000000000111111001000000000
00000000000000111111011110000000
00000000000000111110111111000000
00000000000001111001111110000000
00000000000011111001111110000000
00000000000111111001111110000000
00000000001111100011111110000000
00000000011111100011111110000000
00000001111111100011111110000000
00000111111111111111111100000000
00000111111111111111111110000000
00000111111111111111111110000000
00011111111111111111111100000000
00011111111111111111111100000000
00011111111111111111111100000000
00011111111111111111111000000000
00000000000000000111111000000000
00000000000000000111111100000000
00000000000000001111111000000000
00000000000000001111111000000000
00000000000000001111111000000000
00000000000000011111100000000000
00000000000000001111000000000000
