00000000000111110000000000000000
00000000001111100000000000001100
00000000001111100000000000011110
00000000001111100000000000111110
00000000011111100000000001111110
00000000111111000000000011111100
00000000111110000000000111111000
00000000111110000000001111111000
00000000111110000000011111100000
00000000111111100000011111100000
00000000111111111100111111000000
00000000111111111111111110000000
00000000011111111111111100000000
00000000001111111111111100000000
00000000000111111111111000000000
00000000000000001111100000000000
00000000000000001111100000000000
00000000000000001111100000000000
00000000000000011110000000000000
00000000000000011110000000000000
00000000000000011110000000000000
00000000000000111110000000000000
00000000000001111100000000000000
00000000000001111000000000000000
00000000000001111000000000000000
00000000000011110000000000000000
00000000000111100000000000000000
00000000000111100000000000000000
00000000001111000000000000000000
00000000001110000000000000000000
00000000001110000000000000000000
00000000001110000000000000000000
