00000000000000000100000000000000
00000000000000001110000000000000
00000000000000001110000000000000
00000000000000011110000000000000
00000000000000111110000000000000
00000000000001111100000000000000
00000000000001111100000100000000
00000000000001111000000110000000
00000000000011110000001111000000
00000000000111100000001111000000
00000000000111100000001111000000
00000000000111100000001111000000
00000000001111100000011111000000
00000000001111000000111110000000
00000000011110000001111100000000
00000000011111000001111100000000
00000001111111101111111100000000
00000001111111111111111111000000
00000001111111111111111111000000
00000111111111111111111110000000
00000111111111111111111110000000
00000111111111111111111110000000
00000111111111111111111110000000
00000111111000000111110000000000
00000000000000000111100000000000
00000000000000001111000000000000
00000000000000001111000000000000
00000000000000001111000000000000
00000000000000001111000000000000
00000000000000001111000000000000
00000000000000001100000000000000
00000000000000001100000000000000
