00000000000011100000000000000000
00000000001111111111001111000000
00000000001111111111111111100000
00000000001111111111111111100000
00000000001111111111111111100000
00000000011111111111111111000000
00000000011111111111111111000000
00000000011111111111111100000000
00000000011111111111111100000000
00000000011111000000000000000000
00000000111110001111000000000000
00000001111111111111110000000000
00000001111111111111111000000000
00000001111111111111111000000000
00000001111111111111111000000000
00000001111111111111111100000000
00000001111111111111111100000000
00000001111111111111111110000000
00000000011100000001111110000000
00000000000000000001111100000000
00000000000000000000111100000000
00000000000000000000111100000000
00000000000000000000111110000000
00000000000000000001111100000000
00000000000000000001111100000000
00000000000011011111111100000000
00000000000011111111111100000000
00000000000011111111111000000000
00000000000111111111100000000000
00000000001111111111000000000000
00000000000111111110000000000000
00000000000011111000000000000000
