00000000000000111000000000000000
00000000000001111100000000000000
00000000000001111110000000000000
00000000000111111110000000000000
00000000000111111110000000000000
00000000001111111100000000000000
00000000001111110000000000000000
00000000001111110000000000000000
00000000001111100000000000000000
00000000011111000000000000000000
00000000001111100000000000000000
00000000011110000000000000000000
00000000011111001100000000000000
00000000111110000100000000000000
00000000111111111111000000000000
00000000111111111111100000000000
00000000111111111111111000000000
00000000011111111111111100000000
00000000011111111111111100000000
00000000011111111100011110000000
00000000011111100000011110000000
00000000001111100000011110000000
00000000011111100000011110000000
00000000001111110000011111000000
00000000001111100000111110000000
00000000000111100000111110000000
00000000000111100001111110000000
00000000000011110001111100000000
00000000000011111111110000000000
00000000000001111111111000000000
00000000000001111111110000000000
00000000000000011111100000000000
