00000000000001111000000000000000
00000000000011111000000000000000
00000000000011111000000000000000
00000000000111111000000000000000
00000000001111100000000000000000
00000000001111100000000000000000
00000000001111100000000000000000
00000000011111100000000000000000
00000000011111000000000000000000
00000000011111000000000000000000
00000000111110000000000000000000
00000001111110000000000000000000
00000001111110000000000000000000
00000000111110000000000000000000
00000000111110000000000000000000
00000000111110000111111000000000
00000000111110011111111000000000
00000000111100111111111100000000
00000001111100111111111110000000
00000001111100111111111110000000
00000000111111111111001111100000
00000000111111111100000111100000
00000000111111111100000111100000
00000001111111111100000111100000
00000000111111111100001111100000
00000000111111100000001111000000
00000000011111111001111111000000
00000000001111111111111111100000
00000000000011111111111110000000
00000000000011111111111000000000
00000000000001111111111000000000
00000000000000111110000000000000
