00000000000000011111100000000000
00000000000001111111111000000000
00000000000011111111111110000000
00000000000111111111111110000000
00000000000111111111111110000000
00000000001111111111111110000000
00000000001111100001111110000000
00000000011110000011111110000000
00000000111110000011111110000000
00000011111100000111111000000000
00000001111110000111111100000000
00000011111110001111110000000000
00000001111111011111110000000000
00000001111111111111100000000000
00000000111111111111000000000000
00000000011111111110000000000000
00000000001111111110000000000000
00000000000111111111100000000000
00000000000111111111110000000000
00000000000111111111111000000000
00000000000111111111111100000000
00000000000111100111111110000000
00000000001111100001111111000000
00000000001111100000111111100000
00000000001111100000011111100000
00000000001111100000001111100000
00000000000111100000111111100000
00000000000111111111111111100000
00000000000111111111111111000000
00000000000011111111111100000000
00000000000011111111111000000000
00000000000000111111000000000000
