00000000000000000111100000000000
00000000000110011111111000000000
00000000011110111111111000000000
00000000111111111111111100000000
00000011111111111111111100000000
00000111111111110000111100000000
00000011111111110000011110000000
00000011111001110000111110000000
00000011110000000000111100000000
00000011110000000001111100000000
00000011110000000111110000000000
00000011111000001111110000000000
00000011111000011111100000000000
00000000111110011111100000000000
00000000111111111111000000000000
00000000011111111100000000000000
00000000001111111000000000000000
00000000001111111000000000000000
00000000011111111100000000000000
00000000111111111110000000000000
00000000011110001111100000000000
00000000111110001111100000000000
00000000111100000111110000000000
00000000111000000011110000000000
00000000111000000011111000000000
00000001111000000001111000000000
00000001111000000011111000000000
00000000011110000111111000000000
00000000011111111111111000000000
00000000011111111111110000000000
00000000001111111111000000000000
00000000000011111100000000000000
