00000000000000111111000000000000
00000000000011111111110000000000
00000000001111111111111100000000
00000000011111111111111100000000
00000000011111111111111100000000
00000001111111111111111111000000
00000001111111100000111111000000
00000001111111000000011111000000
00000000111111100000111111000000
00000000111111100001111111000000
00000000011111100011111111000000
00000000011111111111111111100000
00000000111111111111111110000000
00000000011111111111111110000000
00000000001111111111111110000000
00000000000111111111000000000000
00000000000111111111000000000000
00000000000111111111000000000000
00000000001111111111100000000000
00000000001111111111110000000000
00000000001111111111110000000000
00000000111111111111100000000000
00000000111111011111110000000000
00000000111110011111110000000000
00000000111110000111110000000000
00000000111111100111111000000000
00000000011111111111110000000000
00000000011111111111110000000000
00000000001111111111100000000000
00000000001111111111100000000000
00000000001111111110000000000000
00000000000001100000000000000000
