00000000001111000001110000000000
00000000011111000001110000000000
00000000111111100011110000000000
00000000111111100001111100000000
00000001111111110001111100000000
00000001111100110011111100000000
00000001111111100011111000000000
00000001111100100111111000000000
00000000111100000111111000000000
00000000111110001111111000000000
00000000110110001111111000000000
00000000011111111111100000000000
00000000001111111111000000000000
00000000001111111110000000000000
00000000000011111111000000000000
00000000000011111110000000000000
00000000000011111100000000000000
00000000000011111100000000000000
00000000000111111100000000000000
00000000000111111100000000000000
00000000001111111110000000000000
00000000001111111110000000000000
00000000001111111110000000000000
00000000001111111110000000000000
00000000011111111100000000000000
00000000011111111110000000000000
00000000011111111110000000000000
00000000011111111100000000000000
00000000111111111100000000000000
00000000111111110000000000000000
00000000001111100000000000000000
00000000000011000000000000000000
