00000000000001100000000000000000
00000000000111111100000000000000
00000000001111111110000000000000
00000000001111111111000000000000
00000000011111000111000000000000
00000000011110000011000000000000
00000000111110000011000000000000
00000001111100000011000000000000
00000000111100000001100000000000
00000000111100000001100000000000
00000000111100000011100000000000
00000000111100000011100000000000
00000000111100000111100000000000
00000000111100000111000000000000
00000000011110000111100000000000
00000000001111001111000000000000
00000000000111111111000000000000
00000000000011111110000000000000
00000000000001111100000000000000
00000000000000111111000000000000
00000000000001111111111000000000
00000000000011111111111000000000
00000000000111110001111110000000
00000000011111100000011111000000
00000000111111000000001111100000
00000000011110000000000011110000
00000000011100000000000011110000
00000000011100000000000111110000
00000000011110000000111111100000
00000000001111111111111110000000
00000000000011111111111100000000
00000000000001111111111000000000
