00000000000001111111111110000000
00000000000111111111111111100000
00000000001111111111111111100000
00000000111111111111111111000000
00000000111111111111111111100000
00000000111110011111101111100000
00000001111100001111111111100000
00000001111000000111111111000000
00000001111000000011111111000000
00000000111000000001111110000000
00000000111000000001111100000000
00000000111100000111111000000000
00000001111100001111110000000000
00000000111111111111100000000000
00000000111111111111000000000000
00000000001111111110000000000000
00000000001111111111000000000000
00000000001111111111000000000000
00000000011111111111110000000000
00000000011111111111110000000000
00000000011111000111111000000000
00000000111100000111111000000000
00000001111000000011111000000000
00000001111000000011111000000000
00000001111100000001111100000000
00000000111100000001111100000000
00000000111111000111111100000000
00000000111111100111111100000000
00000000011111111111111000000000
00000000001111111111111000000000
00000000001111111111100000000000
00000000000111111111000000000000
