00000000000000000100000000000000
00000000000000001111110000000000
00000000000000111111111100000000
00000000000000111111111100000000
00000000000001111111111110000000
00000000000001111111111110000000
00000000000001111100111110000000
00000000000001110000001110000000
00000000000011110000011110000000
00000000000011110000111110000000
00000000000001111000111110000000
00000000000001111011111110000000
00000000000001111111111100000000
00000000000111111111111000000000
00000000111111111111100000000000
00000001111111111100000000000000
00000001111111111100000000000000
00000001111110111100000000000000
00000001111100111100000000000000
00000011110000011100000000000000
00000011100000011110000000000000
00000001110000011110000000000000
00000001110000001110000000000000
00000000111000000111000000000000
00000000011100000111100000000000
00000000011110000111100000000000
00000000001111100011100000000000
00000000000111111111100000000000
00000000000111111111100000000000
00000000000000111111100000000000
00000000000000011111000000000000
00000000000000000010000000000000
