00000000000111110000000000000000
00000000011111111100000000000000
00000000011111111110000000000000
00000001111111111110000000000000
00000011111110011111000000000000
00000011111110011111000000000000
00000011111100001111100000000000
00000011111100011111110000000000
00000011111000001111110000000000
00000011111000001111110000000000
00000011110000000111111000000000
00000011111000000011111000000000
00000011111100000011111000000000
00000001111110000001111100000000
00000000111111111111111110000000
00000000011111111111111110000000
00000000000111111111111111000000
00000000000001111110111110000000
00000000000000000000111111000000
00000000000000000000011111000000
00000000000000000000001111100000
00000000000000000000001111100000
00000000000000000000001111100000
00000000000000000000001111100000
00000000000000000000001111100000
00000000110000000000001111100000
00000001111110000000011111100000
00000000111111111111111111100000
00000000111111111111111111100000
00000000011111111111111111000000
00000000000111111111111110000000
00000000000001111111111000000000
