0.970413
0.901817
0.828698
0.197744
0.466887
0.962147
0.187294
0.388509
0.243889
0.115732
0.616292
0.713436
0.761446
0.944123
0.200903
0.547166
0.800028
0.848790
0.001641
0.058010
0.859900
0.009178
0.736598
0.683586
0.142515
0.212120
0.752769
0.546184
0.652227
0.583803
0.812863
0.036862
0.075076
0.257536
0.431278
0.600214
0.985564
0.055846
0.905295
0.336262
0.198738
0.845815
0.527989
0.448650
0.235313
0.599749
0.443923
0.968723
0.911076
0.279338
0.569492
0.635985
0.267532
0.975018
0.463698
0.842340
0.065590
0.233049
0.810390
0.448260
0.431967
0.549648
0.703612
0.187974
0.231709
0.784160
0.072283
0.921053
0.735468
0.715923
0.150431
0.661089
0.734955
0.633709
0.216102
0.498474
0.195620
0.339548
0.245314
0.819848
0.521242
0.549276
0.200906
0.202525
0.922876
0.025404
0.604032
0.752204
0.158860
0.651622
0.592898
0.500392
0.410614
0.968388
0.265918
0.565707
0.413670
0.080507
0.929978
0.609755
