00000000000000000000111100000000
00000000000000000011111000000000
00000000000000000111111000000000
00000000000000001111111000000000
00000000000000000111111000000000
00000000000000011111111000000000
00000000000000011111111000000000
00000000000000011111111000000000
00000000000000111111111100000000
00000000000001111111111100000000
00000000000111111111111000000000
00000000000111111111111000000000
00000000011111111111111100000000
00000000011111111111111100000000
00000011111111110111111000000000
00000011111111000111111000000000
00000011111110000011111000000000
00000011111100000011111100000000
00000001111000000011111000000000
00000000000000000111111000000000
00000000000000000111111000000000
00000000000000000111111000000000
00000000000000000011111000000000
00000000000000000111110000000000
00000000000000000111110000000000
00000000000000000111110000000000
00000000000000000011111000000000
00000000000000000011111000000000
00000000000000000111111000000000
00000000000000000111111000000000
00000000000000000011110000000000
00000000000000000001100000000000
