00000000000000000111100000000000
00000000000000011111110000000000
00000000000000111111111000000000
00000000000001111111111110000000
00000000000001111111111110000000
00000000000000111111111110000000
00000000000000111111111110000000
00000000000111111111111111000000
00000000000111111111111111000000
00000000001111111111111111000000
00000000001111111111111110000000
00000000011111111111111110000000
00000011111111111111111111000000
00000011111111111111111110000000
00000011111111111111111110000000
00000011111111111111111111000000
00000000011111111111111110000000
00000000000000011111111110000000
00000000000000011111111110000000
00000000000000011111111110000000
00000000000000011111111110000000
00000000000000011111111110000000
00000000000000011111111110000000
00000000000000011111111110000000
00000000000000011111111110000000
00000000000000011111111111000000
00000000000000111111111111000000
00000000000000111111111111000000
00000000000000011111111111000000
00000000000000111111111111000000
00000000000000011111111111000000
00000000000000000011110000000000
