00000000000000110000000000000000
00000000000011111110000000000000
00000000001111111111000000000000
00000001111111111111000000000000
00000001111100011111100000000000
00000011110000000111100000000000
00000011110000001111100000000000
00000011110000011111100000000000
00000011110000011111110000000000
00000001110000001111110000000000
00000001111000000111110000000000
00000001111000000011111000000000
00000001111100000011111100000000
00000001111000000011111100000000
00000000111100001111111100000000
00000000011111111111111100000000
00000000001111111110011110000000
00000000001111111100011111000000
00000000000111110000011111000000
00000000000000000000001111000000
00000000000000000000001111000000
00000000000000000000001111000000
00000000000000000000001111000000
00000000000000000000001111000000
00000000000000000000001111000000
00000000000000000000011111000000
00000000000100000000011110000000
00000000001110000000011110000000
00000000011110000001111100000000
00000000001111111111111000000000
00000000011111111111100000000000
00000000001111111110000000000000
