00000000000011111100000000000000
00000000000111111110000000000000
00000000000111111111110000000000
00000000000111111111111100000000
00000000001111111111111100000000
00000000001111111111111100000000
00000000001111100011111110000000
00000001101111000011111110000000
00000011111111000001111110000000
00000111111111000001111110000000
00000111111111100001111110000000
00000011111111100111111110000000
00000011111111111111111111000000
00000011111111111111111111000000
00000011111111111111111111000000
00000001111111111111111111000000
00000000011111111111111111000000
00000000000111111000001111000000
00000000000000000000001111100000
00000000000000000000001111100000
00000000000000000000001111100000
00000000000000000000001111100000
00000000000000000000001111100000
00000000000000000000001111100000
00000000000000000000011111100000
00000000000001100000111111000000
00000000000011110001111111000000
00000000000111111111111110000000
00000000000111111111111100000000
00000000000111111111111000000000
00000000000001111111111000000000
00000000000001111111110000000000
