00000000000001111111000000000000
00000000000111111111100000000000
00000000001111111111110000000000
00000000011111111111111000000000
00000000011111111111111000000000
00000001111111111111111000000000
00000011111111111111110000000000
00000011111111111111111000000000
00000011111111111111111000000000
00000111111111111111110000000000
00000011111111111111110000000000
00000001111111111111110000000000
00000000011111111111110000000000
00000000000011111111110000000000
00000000000111111111110000000000
00000000000011111111000000000000
00000000000011111111000000000000
00000000000011111111000000000000
00000000000111111111000000000000
00000000000111111111000000000000
00000000000111111111000000000000
00000000001111111111000000000000
00000000001111111111100000000000
00000000011111111111100000000000
00000000011111111111111100000000
00000000011111111111100000000000
00000000011111111111111110000000
00000000001111111111111110000000
00000000001111111111111110000000
00000000001111111111111110000000
00000000000111111110000000000000
00000000000010000000000000000000
