00000000000011110000000000000000
00000000000111111000000000000000
00000000011111111110000000000000
00000000001111111111000000000000
00000000011111111111100000000000
00000000111111111111100000000000
00000000111110000011110000000000
00000000011110000001111000000000
00000000111100000001111100000000
00000000111100000001111100000000
00000000111100000001111100000000
00000000111110000000111110000000
00000000011110000001111110000000
00000000011110001111111110000000
00000000011111111111111110000000
00000000001111111111111111000000
00000000000111111111111111000000
00000000000111111111011111000000
00000000000000000000000111100000
00000000000000000000000111100000
00000000000000000000000111100000
00000000000000000000000111100000
00000000000000000000000011110000
00000000000000000000000011110000
00000000000000000000000011110000
00000000000000000000000111110000
00000000000000000000000111111000
00000000000000000001011111100000
00000000000111111111111111100000
00000000011111111111111111000000
00000000001111111111111100000000
00000000000001111111110000000000
