00000000000001110000000000000000
00000000000111111000000000000000
00000000011111111110000000000000
00000000001111111111000000000000
00000000001111111111000000000000
00000000111111111111100000000000
00000000111111111111100000000000
00000000011111101111110000000000
00000000111111001111111000000000
00000000111110001111111000000000
00000000111110001111111000000000
00000000011111000111111100000000
00000000111111001111111100000000
00000000111111001111111100000000
00000000111111111111111100000000
00000000011111111111111110000000
00000000001111111111111110000000
00000000000111111100111110000000
00000000000001111000001111000000
00000000000000000000001111000000
00000000000000000000001111000000
00000000000000000000001111000000
00000000000000000000000111110000
00000000000000000000000111100000
00000000000000000000000111100000
00000000000000000000001111100000
00000000000000000000000111110000
00000000000111111100011111110000
00000000001111111111111111100000
00000000011111111111111111100000
00000000001111111111111111100000
00000000000000111111111000000000
