00000000000000000100000000000000
00000000000000011110000000000000
00000000000001111111000000000000
00000000000011111111100000000000
00000000000111111111110000000000
00000000000111111111100000000000
00000000011111111111101000000000
00000000011111110011111000000000
00000001111111000001111100000000
00000001111100000001111100000000
00000011111100000000111100000000
00000011111100000000111100000000
00000011111100000000011110000000
00000011111100000000011110000000
00000011111110000000001111000000
00000011111110000000001111000000
00000011111110000000001111000000
00000001111110000000001111000000
00000001111110000000001111000000
00000000111100000000001111000000
00000000011111000000001111000000
00000000011111000000001111000000
00000000011111000000001111000000
00000000000111100000001111000000
00000000001111110000111110000000
00000000000111111111111110000000
00000000000111111111111100000000
00000000000011111111111100000000
00000000000011111111111000000000
00000000000001111111110000000000
00000000000000001111111000000000
00000000000000000010000000000000
