00000000000000111100000000000000
00000000000011111110000000000000
00000000000011111111100000000000
00000000000111111111000000000000
00000000011111111111100000000000
00000000011111111111111000000000
00000000011111111111111100000000
00000000011111111111111100000000
00000000111101111111111100000000
00000000111001111111111100000000
00000000110011111100111111000000
00000001110011111000111111100000
00000001110011111000001111100000
00000000110011111000001111100000
00000001100111110000001111000000
00000001100111110000001111000000
00000000000111100000000111000000
00000000000111110000001111000000
00000000000111110000001111000000
00000000001111100000011110000000
00000000001111100000011110000000
00000000001111100000111110000000
00000000001111100000111110000000
00000000000111100000111100000000
00000000000111110001111100000000
00000000001111100111111000000000
00000000001111100111110000000000
00000000001111111111110000000000
00000000000111111111110000000000
00000000000011111111000000000000
00000000000111111110000000000000
00000000000011111100000000000000
