00000000000001000000000000000000
00000000000001100000000000000000
00000000001111111000000000000000
00000000001111111110000000000000
00000000001111111111110000000000
00000000011111111111111100000000
00000000011111111111111100000000
00000000111111101111111100000000
00000001111100000111111110000000
00000001111100000011111110000000
00000001111100000000001111000000
00000001111000000000001111000000
00000001111000000000001111000000
00000001111000000000000111000000
00000011110000000000001111000000
00000011110000000000001111000000
00000011110000000000001111000000
00000011110000000000001111000000
00000001110000000000001111000000
00000011110000000000001111000000
00000011111000000000001110000000
00000011111000000000011110000000
00000001111000000000111110000000
00000001111100000001111100000000
00000001111100000001111100000000
00000001111111000111111100000000
00000000111111111111111000000000
00000000111111111111110000000000
00000000011111111111100000000000
00000000001111111111000000000000
00000000000111111111000000000000
00000000000000100000000000000000
