00000000000111110000000000000000
00000000000111110001000000000000
00000000001111110111110000000000
00000000011111110011111000000000
00000000111111110011111000000000
00000000111111110111111000000000
00000000111111111011111100000000
00000000111100000001111110000000
00000001111100000000111110000000
00000001111100000000111110000000
00000001111100000000111100000000
00000001111000000000111100000000
00000001111000000000111100000000
00000001111100000000011110000000
00000001111100000000111110000000
00000001111000000000111110000000
00000001111000000000111100000000
00000011111000000001111100000000
00000001111000000001111000000000
00000001111000000001111000000000
00000000111100000000111000000000
00000001111100000001111000000000
00000001111100000011110000000000
00000001111100000111110000000000
00000001111100001111110000000000
00000000111100001111100000000000
00000000111100111111000000000000
00000000011111111111000000000000
00000000011111111111000000000000
00000000001111111110000000000000
00000000001111111000000000000000
00000000000111100000000000000000
