00000000000111110000000000000000
00000000001111111000000000000000
00000000011111111000000000000000
00000000011111111100000000000000
00000000011111111100000000000000
00000000011111111101100000000000
00000000111111111111110000000000
00000000111110011111111100000000
00000001111100111111111110000000
00000001111101111111111110000000
00000001111111111111111110000000
00000001111001111111111111000000
00000001111001111111111111000000
00000001111001111111111111000000
00000001111000100000011111000000
00000001111000000000011111000000
00000001111000000000011111000000
00000011111000000000011111000000
00000011111000000000011111000000
00000011111000000000011111000000
00000011111000000000011111000000
00000001111000000000011111000000
00000001111000000000011111000000
00000001111100000000111111000000
00000001111100000111111111000000
00000001111111111111111111000000
00000000111111111111111110000000
00000000111111111111111100000000
00000000111111111111111100000000
00000000011111111111111000000000
00000000001111111111100000000000
00000000000001100000000000000000
