00000000000111000000000000000000
00000000000111100000000000000000
00000000001111111100000000000000
00000000001111111111000000000000
00000000001111111111000000000000
00000000011111111111100000000000
00000000011111111111100000000000
00000000001111110011111100000000
00000000011111100001111100000000
00000000111111100001111100000000
00000000111110000001111100000000
00000000011111000000111110000000
00000000111110000000111110000000
00000000111100000000111110000000
00000000111100000000111110000000
00000000011110000000011111000000
00000000111100000000111100000000
00000000111100000000111100000000
00000000011110000000011110000000
00000000011110000000111100000000
00000000011110000001111100000000
00000000011110000001111100000000
00000000011110000001111100000000
00000000011110000011111000000000
00000000011110000111111000000000
00000000011110001111110000000000
00000000001111101111110000000000
00000000001111111111100000000000
00000000001111111111000000000000
00000000001111111110000000000000
00000000000111111110000000000000
00000000000000110000000000000000
