00000000000000110000000000000000
00000000000001111100000000000000
00000000000111111111000000000000
00000000001111111111000000000000
00000000001111111111000000000000
00000000001111111111100000000000
00000000011111000011110000000000
00000000111110000001110000000000
00000000111111000000111000000000
00000001111111000000011000000000
00000001111110000000011100000000
00000000111110000000001110000000
00000000111110000000001110000000
00000001111100000000000110000000
00000001111000000000001110000000
00000000111000000000000111000000
00000001111000000000000111000000
00000001110000000000000111000000
00000000111000000000000011100000
00000001111000000000000011000000
00000001111000000000000111000000
00000001111000000000000111000000
00000000111100000000000111100000
00000000111100000000000111000000
00000000111100000000001111000000
00000000011110000000001111100000
00000000011111111011111111000000
00000000001111111111111111000000
00000000000111111111111111000000
00000000000111110111111111000000
00000000000001011111111000000000
00000000000000011111100000000000
