00000000000000010000000000000000
00000000000011111110000000000000
00000000001111111110000000000000
00000000001111111111100000000000
00000000001111111111100000000000
00000000011111111111100000000000
00000000011111111111110000000000
00000000011111111001111000000000
00000000011111100000111000000000
00000000111111000000111100000000
00000001111111000000011100000000
00000000111111000000001110000000
00000000111111000000001110000000
00000001111110000000001110000000
00000001111110000000001110000000
00000000111111000000000111000000
00000001111111000000001111000000
00000001111111000000001111000000
00000000111111100000001111000000
00000000111111100000001111000000
00000000111111000000011111000000
00000001111111000000111110000000
00000000111100100000111110000000
00000000111100000011111110000000
00000000111111111111111100000000
00000000011111111111111000000000
00000000001111111111111000000000
00000000001111111111111000000000
00000000001111111111100000000000
00000000001111111111100000000000
00000000000011111110000000000000
00000000000001110000000000000000
