00000000000000010000000000000000
00000000000011111110000000000000
00000000011111111111000000000000
00000000001111111111110000000000
00000000011101111111110000000000
00000000011111111111111000000000
00000001111111111111111000000000
00000001111111111011111100000000
00000000111111000000011110000000
00000001111110000000001110000000
00000001111110000000000110000000
00000000111110000000000110000000
00000001111110000000000110000000
00000001111100000000000110000000
00000001111110000000000011000000
00000001111110000000000111000000
00000001111100000000001111000000
00000001111000000000001111000000
00000001111000000000001110000000
00000000111100000000001111000000
00000000111100000000011111000000
00000000111100000000011111000000
00000001111100000000111110000000
00000001111100000011111110000000
00000001111111011111111000000000
00000000111111111111111000000000
00000000111111111111111000000000
00000000011111111111110000000000
00000000011111111111100000000000
00000000011111111110000000000000
00000000000111111110000000000000
00000000000001100000000000000000
