00000000000000011100000000000000
00000000000001111110000000000000
00000000000011111111000000000000
00000000000001111111100000000000
00000000000011111111110000000000
00000000000111111111110000000000
00000001100111111001111000000000
00000001111111110001111100000000
00000011111111000000011100000000
00000011111111000000011100000000
00000011111111000000001100000000
00000011111111000000000110000000
00000011111111000000000110000000
00000011111111000000000110000000
00000011100110000000000110000000
00000001110011000000000111000000
00000001100000000000000111000000
00000001110000000000000111000000
00000000111000000000000111100000
00000001111000000000000111000000
00000001111000000000001111000000
00000000111000000000011110000000
00000000011100000000001111000000
00000000011110000000011111000000
00000000011111000000111100000000
00000000001110000011111100000000
00000000000111111111111100000000
00000000000111111111111000000000
00000000000111111111111000000000
00000000000011111111110000000000
00000000000000111111000000000000
00000000000000011000000000000000
