00000000000000011110000000000000
00000000000001111111000000000000
00000000000111111111000000000000
00000000011111111111110000000000
00000000011111111111111000000000
00000000011111111111111100000000
00000000011111110111111110000000
00000000011111000111111110000000
00000000111110000111111110000000
00000000111100000111111110000000
00000001111100000111111110000000
00000001111000000011111110000000
00000011110000000000011110000000
00000001111000000000001111000000
00000001111000000000011111000000
00000001111000000000011111000000
00000001111000000000011110000000
00000001111000000000011110000000
00000001111000000000011110000000
00000011110000000000111100000000
00000000111000000000111100000000
00000000111100000000111100000000
00000000111100000000111100000000
00000000111100000001111000000000
00000000111100000011111000000000
00000000111110000111111000000000
00000000111111001111110000000000
00000000001111111111111000000000
00000000000111111111110000000000
00000000000111111111100000000000
00000000000011111110000000000000
00000000000001111000000000000000
