00000000000111100000000000000000
00000000001111110000000000000000
00000000011111111000000000000000
00000000011111111100000000000000
00000000011111111110000000000000
00000000111111111111100000000000
00000000111111111111110000000000
00000001111111111111110000000000
00000000111111111111111000000000
00000001111111011111111100000000
00000001111110001000111100000000
00000001111100000000011100000000
00000001111100000000011100000000
00000001111000000000011100000000
00000001111000000000001111000000
00000001111000000000001111000000
00000001111000000000001111000000
00000001111000000000001110000000
00000001111000000000001110000000
00000000111100000000000111000000
00000000111000000000000111100000
00000000111000000000001111100000
00000001111000000000011111000000
00000001111000000000111111000000
00000001111000000011111110000000
00000000011110000111111111000000
00000000011111111111111111000000
00000000011111111111111110000000
00000000011111111111111100000000
00000000011111111111110000000000
00000000000111111111110000000000
00000000000011111111000000000000
