00000000000111100000000000000000
00000000000111110000000000000000
00000000000111111000000000000000
00000000000011111110000000000000
00000000000111111111100000000000
00000000000111111111100000000000
00000000011111101111110000000000
00000000011111000111111000000000
00000000111111000111111100000000
00000000111111000011111110000000
00000001111110000000111110000000
00000001111110000000111110000000
00000001111100000000011111000000
00000001111100000000011111000000
00000001111000000000011111000000
00000001111000000000001111000000
00000001111000000000001111000000
00000011111000000000001111000000
00000011111000000000001111000000
00000001111000000000001111000000
00000001111000000000001111000000
00000001111100000000001111000000
00000001111100000000001111000000
00000001111110000000011110000000
00000001111110000000111110000000
00000000111111000001111110000000
00000000111111111111111110000000
00000000011111111111111100000000
00000000011111111111111100000000
00000000000111111111110000000000
00000000000000111111110000000000
00000000000000000111000000000000
