00000000000000111111000000000000
00000000000001111111000000000000
00000000000111111111110000000000
00000000000111111111110000000000
00000000001111111111110000000000
00000000011111111111111000000000
00000000011111100011111100000000
00000000111110000000111100000000
00000001111100000000111100000000
00000001111100000000111100000000
00000001111110000000111110000000
00000001111110000000011110000000
00000001111110000000001111000000
00000001111100000000001111000000
00000001111100000000001111000000
00000011111100000000001111000000
00000011111000000000001111000000
00000011111000000000001111000000
00000011111000000000001111000000
00000011111000000000001111000000
00000011111000000000001111000000
00000001111100000000001111000000
00000001111100000000001111000000
00000001111110000000011111000000
00000001111110000000111111000000
00000000111111000000111110000000
00000000111111111111111100000000
00000000011111111111111100000000
00000000001111111111111000000000
00000000000111111111110000000000
00000000000111111111000000000000
00000000000001111100000000000000
