00000000000000111000000000000000
00000000000011111110000000000000
00000000001111111111000000000000
00000000011111111111110000000000
00000000111111111111110000000000
00000000111111110001111000000000
00000000111111000000111000000000
00000001111110000000011100000000
00000001111100000000011110000000
00000001111100000000001110000000
00000001111000000000001110000000
00000001111000000000001110000000
00000011111000000000001111000000
00000011111000000000000111000000
00000011110000000000000111000000
00000011110000000000000111000000
00000011110000000000001111000000
00000011110000000000001111000000
00000011110000000000001111000000
00000011110000000000001111000000
00000001110000000000001111000000
00000001111000000000001110000000
00000001111000000000011110000000
00000001111000000000011110000000
00000001111100000001111100000000
00000001111111100111111100000000
00000000111111111111111000000000
00000000111111111111111000000000
00000000011111111111110000000000
00000000001111111111100000000000
00000000000011111111000000000000
00000000000000111100000000000000
