00000000000000001111110000000000
00000000000001111111110000000000
00000000000011111111111000000000
00000000001111111111111000000000
00000000001111111000111110000000
00000000001111111000111110000000
00000000011111110000011110000000
00000000011111100000011110000000
00000000111110000000001111000000
00000001111100000000001111000000
00000001111100000000011111000000
00000001111000000000011111000000
00000001111000000000011111000000
00000011111000000000011110000000
00000011110000000000011110000000
00000011110000000000011110000000
00000011110000000000011110000000
00000011110000000000011110000000
00000011110000000000111110000000
00000011110000000000111110000000
00000001111000000001111110000000
00000001111000000011111100000000
00000001111000000011111000000000
00000000111000001111111000000000
00000000111000001111110000000000
00000000111110011111100000000000
00000000011111111111100000000000
00000000011111111111100000000000
00000000001111111111100000000000
00000000000011111111100000000000
00000000000000111110000000000000
00000000000000001000000000000000
