00000000000001000000000000000000
00000000000111110000000000000000
00000000000111111000000000000000
00000000001111111110000000000000
00000000001111111111000000000000
00000000011111000111100000000000
00000000011111000011111000000000
00000000011111000011111000000000
00000000111110000001111000000000
00000000011110000000111100000000
00000000011110000000111100000000
00000000111100000000111100000000
00000000111110000000011110000000
00000000111100000000011110000000
00000000111000000000011110000000
00000000111100000000011111000000
00000001111100000000011110000000
00000000111000000000011110000000
00000000111100000000011111000000
00000000111100000000111110000000
00000000111100000000111110000000
00000000111100000001111111000000
00000000111100000001111110000000
00000000111100000011111100000000
00000000011110000111111100000000
00000000011110011111111000000000
00000000011110111111110000000000
00000000001111111111110000000000
00000000001111111111100000000000
00000000000111111111000000000000
00000000000001111111000000000000
00000000000000011100000000000000
