00000000000001010000000000000000
00000000000011111100000000000000
00000000000111111110000000000000
00000000000111111111100000000000
00000000011111111111110000000000
00000000011111111111110000000000
00000000111111000011111000000000
00000001111100000001111000000000
00000001111110000000111100000000
00000001111100000000011110000000
00000001111000000000011110000000
00000001111000000000001110000000
00000011110000000000001110000000
00000011110000000000000110000000
00000001110000000000000011000000
00000011110000000000000011000000
00000011110000000000000011000000
00000011110000000000000011000000
00000011100000000000000111000000
00000001110000000000000011100000
00000001111000000000000011000000
00000001111000000000000111000000
00000001111000000000000111000000
00000000111000000000011111000000
00000000111000000000011110000000
00000000011100000000001111000000
00000000011110000000011111000000
00000000001111110111111110000000
00000000000111111111111100000000
00000000000111111111110000000000
00000000000011111111110000000000
00000000000000111111100000000000
