00000000000001110000000000000000
00000000000111111100000000000000
00000000000111111100000000000000
00000000000111111110000000000000
00000000001111111111000000000000
00000000111111111110000000000000
00000000111111111110000000000000
00000000011111110000000000000000
00000001111111000000000000000000
00000001111111000000000000000000
00000011111110000010000000000000
00000001111110011111111000000000
00000001111110111111111000000000
00000001111100111111111100000000
00000011111100111111111100000000
00000001111100011111111111000000
00000001111000011111111111000000
00000001111000001100011111000000
00000000111000000000000111100000
00000000111000000000000011100000
00000000111000000000000011100000
00000001111100000000000011100000
00000000111110000000000001110000
00000000011110000000000011110000
00000000011111100000011111110000
00000000011111111111111111110000
00000000001111111111111111110000
00000000000111111111111111110000
00000000000111111111111111100000
00000000000111111111111111000000
00000000000000111111111111000000
00000000000000000111111100000000
