00000000000000000000000000000000
00000000000001111111000000000000
00000000000111111111110000000000
00000000001111111111110000000000
00000000011111111111110000000000
00000000111111111111111000000000
00000001111110011111111000000000
00000001111100001111111100000000
00000001111000001111111100000000
00000001111000001111111110000000
00000001111000001100011110000000
00000011110000001000011111000000
00000011110000000000001111000000
00000011110000000000000111000000
00000011110000000000000111000000
00000011110000000000000111000000
00000011110000000000000111000000
00000011110000000000000111000000
00000001110000000000000111000000
00000001110000000000000111000000
00000001110000000000001111000000
00000001110000000000001110000000
00000001111000000000011110000000
00000001111000000000011110000000
00000001111000000000111100000000
00000000111100000001111100000000
00000000111110000011111000000000
00000000011111111111111000000000
00000000001111111111100000000000
00000000011111111111000000000000
00000000001111111100000000000000
00000000000001110000000000000000
