00000000000010000000000000000000
00000000000111000000000000000000
00000000001111000000000000000000
00000000001111100000000000000000
00000000001111110100000000000000
00000000011111111111100000000000
00000000011111111111111000000000
00000000111111111111111000000000
00000000011111111111111100000000
00000000111111111111111110000000
00000000111111111111111110000000
00000000111111100001111110000000
00000001111100000000011110000000
00000001111000000000011110000000
00000000111100000000001111000000
00000001111100000000001111000000
00000001111000000000001111000000
00000001111000000000001111000000
00000001111000000000001111000000
00000000111100000000000111100000
00000001111100000000001111100000
00000001111100000000001111100000
00000001111100000000111111100000
00000001111100000001111111100000
00000001111100000011111111000000
00000000111111111111111111100000
00000000111111111111111111000000
00000000011111111111111111000000
00000000011111111111111110000000
00000000001111111111111000000000
00000000000111111111110000000000
00000000000000111010000000000000
