00000000000011100000000000000000
00000000000111111100000000000000
00000000001111111110000000000000
00000000011111111110000000000000
00000001111111111111000000000000
00000001111111111111000000000000
00000001111111111111100000000000
00000001111110001111100000000000
00000001111100001111110000000000
00000011111000001111111000000000
00000001111100000111111100000000
00000011111100000011111100000000
00000011111000000011111110000000
00000011111000000011111110000000
00000011110000000011111110000000
00000011110000000001111111000000
00000011110000000001111110000000
00000011110000000001111110000000
00000011110000000011111110000000
00000011110000000011111100000000
00000011110000000011111100000000
00000011110000000001111100000000
00000011111000000011111000000000
00000001111100000011111100000000
00000000111110000011111000000000
00000000111110000111111000000000
00000000011111111111111000000000
00000000011111111111110000000000
00000000011111111111100000000000
00000000001111111111100000000000
00000000000111111110000000000000
00000000000000111000000000000000
