00000000000011000000000000000000
00000000000111100000000000000000
00000000001111100000000000000000
00000000011111100000000000000000
00000000011111100000000000000000
00000000111111100000000000000000
00000000111111100000100000000000
00000001111111100011111000000000
00000001111000111111111100000000
00000011111000011111111100000000
00000001111000001111111111000000
00000001111000001111111111000000
00000001111000001111111111000000
00000001110000001110000111000000
00000001110000001000000111000000
00000011110000000000000111000000
00000011110000000000000111000000
00000011110000000000000111000000
00000011110000000000000111000000
00000011110000000000000111000000
00000011110000000000000111000000
00000011110000000000000111000000
00000011110000000000000111000000
00000001111000000000000111100000
00000000111100000000011111000000
00000000111100000001111111000000
00000000111111111111111111000000
00000000011111111111111110000000
00000000011111111111111100000000
00000000001111111111111000000000
00000000000111111111110000000000
00000000000011111111000000000000
