00000000011100000011110000000000
00000000111100001111111000000000
00000000111100001111111110000000
00000000111110011111111110000000
00000000111110111111111110000000
00000000111111111111111111000000
00000000111111111110011111000000
00000000111111111000001111100000
00000000111111111000000111100000
00000000111111110000000111100000
00000001111111000000001111000000
00000001111111000000001111000000
00000001111110000000001111000000
00000011111110000000000111000000
00000011111110000000000111000000
00000011111000000000000111000000
00000011111000000000000111000000
00000001111000000000001111000000
00000001111000000000001111000000
00000001111000000000011111000000
00000001111000000000011111000000
00000001111000000001111111000000
00000001111000000011111110000000
00000011111000001111111100000000
00000011111100011111111000000000
00000011111111111111110000000000
00000001111111111111100000000000
00000000111111111111000000000000
00000000111111111110000000000000
00000000111111111100000000000000
00000000001111100000000000000000
00000000000010000000000000000000
