00000000000011111000000000000000
00000000000111111110000000000000
00000000001111111111000000000000
00000000011111111111100000000000
00000000111111111111110000000000
00000000011111111111111000000000
00000000111111111111111100000000
00000000111111000011111100000000
00000001111110000011111100000000
00000001111110000011111100000000
00000000111111000001111110000000
00000000111111000000111110000000
00000000111110000001111110000000
00000000111110000001111110000000
00000000011110000000111111000000
00000000111110000000111111000000
00000000111110000000111111000000
00000000111110000000111111000000
00000001111110000001111110000000
00000000111111000000111110000000
00000000111110000011111110000000
00000001111100000111111100000000
00000001111100000111111000000000
00000000111110000111111000000000
00000000111100000111110000000000
00000000111100001111110000000000
00000000111100011111100000000000
00000000111111111111000000000000
00000000001111111110000000000000
00000000001111111100000000000000
00000000001111111100000000000000
00000000000111110000000000000000
