00000000000111111100000000000000
00000000001111111111000000000000
00000000011111111111100000000000
00000000001111111111111000000000
00000000011111111111111000000000
00000000111111000111111100000000
00000000111110000001111110000000
00000001111100000001111110000000
00000011111000000000111111000000
00000011111000000000011111000000
00000011111000000000011111000000
00000011110000000000001111100000
00000001000000000000001111100000
00000011100000000000001111100000
00000111110000000000000111100000
00000111110000000000000111100000
00000111110000000000000111100000
00000011110000000000000111100000
00000011110000000000000111100000
00000011110000000000000111100000
00000011111000000000001111100000
00000011111000000000001111100000
00000011111000000000001111100000
00000011111000000000011111100000
00000001111100000000011111000000
00000001111110000001111111000000
00000001111110000011111110000000
00000000111111111111111100000000
00000000111111111111111100000000
00000000011111111111111000000000
00000000000111111111111000000000
00000000000011111111110000000000
