00000000000001100000000000000000
00000000001111111000000000000000
00000000001111111111100000000000
00000000011111111111110000000000
00000000011111111111111000000000
00000000111111011111111100000000
00000000111100001111111100000000
00000000111100000111111110000000
00000001111000000110111110000000
00000001111000000100011110000000
00000001111000000000011111000000
00000001111000000000011111000000
00000001111000000000001111000000
00000001111000000000001111000000
00000001111000000000001111000000
00000001111000000000001111000000
00000011110000000000000111000000
00000001110000000000000111000000
00000001110000000000000111000000
00000001110000000000001111000000
00000001111000000000001111000000
00000001111000000000001111000000
00000001111000000000001111000000
00000001111000000000001110000000
00000001111000000000011110000000
00000001111100000000111110000000
00000000111111000011111100000000
00000000111111111111111100000000
00000000011111111111111000000000
00000000001111111111111000000000
00000000000111111111110000000000
00000000000001111111000000000000
