00000000000111000000000000000000
00000000001111100000000000000000
00000000011111111110000000000000
00000000011111111110000000000000
00000000011111111110000000000000
00000000111111111111100000000000
00000000111111111111110000000000
00000000111111111111110000000000
00000001111100100011111000000000
00000001111000000001111000000000
00000001111000000000111100000000
00000001111000000000111100000000
00000011110000000000111110000000
00000001111000000000001111000000
00000001111000000000001111000000
00000001111000000000001111000000
00000011110000000000001111000000
00000011110000000000001111000000
00000011110000000000001110000000
00000011110000000000001110000000
00000001111000000000000111000000
00000001111000000000001111000000
00000001111000000000001111000000
00000001111000000000001110000000
00000001111000000000111100000000
00000001111000000001111100000000
00000000111100000011111100000000
00000000011111111111111100000000
00000000011111111111111000000000
00000000011111111111111000000000
00000000001111111111110000000000
00000000000011111000000000000000
