00000000000111000011110000000000
00000000000111101111110000000000
00000000001111111111111100000000
00000000000111111111111110000000
00000000001111111111111110000000
00000000001111111100000111000000
00000000001111111000000111000000
00000000011111110000000111000000
00000000111111000000000111000000
00000000111110000000000011000000
00000000111110000000000011000000
00000000111100000000000011000000
00000001111100000000000111000000
00000001111000000000000111000000
00000001111000000000000111000000
00000001110000000000000111000000
00000001110000000000000111000000
00000001110000000000000110000000
00000001110000000000001110000000
00000001110000000000001110000000
00000011110000000000001110000000
00000001110000000000011110000000
00000001110000000000011100000000
00000001110000000000111000000000
00000001111000000001111000000000
00000000111000000011110000000000
00000000111110001111110000000000
00000000111111111111100000000000
00000000001111111111000000000000
00000000001111111110000000000000
00000000000011111110000000000000
00000000000000111000000000000000
