00000000000011111110000000000000
00000000000111111111000000000000
00000000011111111111110000000000
00000000111111111111111000000000
00000001111111110011111000000000
00000011111111110011111100000000
00000011111111100001111110000000
00000011111111100000111110000000
00000111111111000000011110000000
00000111111111000000011111000000
00000011111111000000001111100000
00000011111111000000000111100000
00000011111110000000000111100000
00000011111110000000000111100000
00000111111110000000000111100000
00000111111100000000000111100000
00000111111100000000000111100000
00000011111100000000000111100000
00000011111000000000001111100000
00000011111000000000001111100000
00000011111000000000011111000000
00000011111000000000011111000000
00000011111000000000111110000000
00000001111100000000111111000000
00000001111100000001111110000000
00000001111110000111111100000000
00000000111111011111111000000000
00000000111111111111111000000000
00000000111111111111110000000000
00000000011111111111100000000000
00000000001111111111000000000000
00000000000111111000000000000000
