00000000000000000000000000000000
00000000000111111100000000000000
00000000000111111110000000000000
00000000001111111111000000000000
00000000000111111111100000000000
00000000001111110011110000000000
00000000001111110011111000000000
00000000011111100001111000000000
00000000011111100000111100000000
00000000111111000000011100000000
00000000111110000000011110000000
00000000111100000000001110000000
00000000111000000000001110000000
00000001111000000000001111000000
00000001111000000000001111000000
00000001111000000000001111000000
00000001111000000000001111000000
00000011111000000000000111000000
00000011110000000000000111000000
00000011111000000000000111000000
00000011111000000000000111000000
00000001111000000000001111000000
00000011111000000000001111000000
00000001111000000000001111000000
00000001111100000000011111000000
00000001111110000000111110000000
00000001111111000001111110000000
00000000111111111111111100000000
00000000111111111111111000000000
00000000000111111111111000000000
00000000000011111111110000000000
00000000000000011000000000000000
