00000000000100000000000000000000
00000000000111000000000000000000
00000000001111100000000000000000
00000000001111110000000000000000
00000000001111111100000000000000
00000000000111111110000000000000
00000000000111111110000000000000
00000000000111111111000000000000
00000000000110111111100000000000
00000001000000001111110000000000
00000001110000000111111100000000
00000011110000000011111100000000
00000011111000000001111100000000
00000011110000000000111110000000
00000001111000000000011111000000
00000001111000000000011111000000
00000001111000000000011111000000
00000001111000000000001111000000
00000001111000000000001111000000
00000000111100000000000111100000
00000000111100000000000111100000
00000000111100000000011111100000
00000000111100000011111111100000
00000000011110000111111111100000
00000000011110011111111111000000
00000000111111111111111111000000
00000000111111111111111000000000
00000000111111111111111000000000
00000000001111111111110000000000
00000000001111111111000000000000
00000000000111111100000000000000
00000000000011110000000000000000
