00000000001100000000000000000000
00000000011100000001000000000000
00000000011110000111111000000000
00000000011110011111111100000000
00000000011110011111111110000000
00000000111110111111111111000000
00000001111101111111111111000000
00000000111101111111111111000000
00000000111101111111111111000000
00000000111101000001111111000000
00000000111100000000011111100000
00000000111100000000001111100000
00000000111100000000001111100000
00000001111000000000001111000000
00000001111000000000001111000000
00000001111000000000001111000000
00000001111000000000001111000000
00000001111000000000001111000000
00000001111000000000001111000000
00000011111100000000001111000000
00000011111000000000111110000000
00000011111000000001111110000000
00000001111000000011111100000000
00000001111100001111111100000000
00000001111100001111111100000000
00000001111111111111111000000000
00000000111111111111110000000000
00000000111111111111100000000000
00000000111111111111000000000000
00000000011111111100000000000000
00000000001111111100000000000000
00000000000001000000000000000000
