00000000001000000001100000000000
00000000001100000011110000000000
00000000001100000011110000000000
00000000011100000111110000000000
00000000111110000111111100000000
00000000111110000111111100000000
00000000111110001111111110000000
00000000111110000111111110000000
00000000111110000111111111000000
00000000111110000111111111000000
00000001111000000001111110000000
00000001111000000000111110000000
00000001111000000000111110000000
00000011111000000000011111000000
00000011111000000000011111000000
00000011111000000000011111000000
00000011111000000000011111000000
00000001111000000000011111000000
00000001111000000000011111000000
00000001111100000000011111000000
00000001111100000000011111000000
00000001111100000000111111000000
00000001111111111001111111000000
00000011111111110011111110000000
00000011111111111111111110000000
00000001111111111111111100000000
00000000111111111111111100000000
00000000111111111111111100000000
00000000011111111111111000000000
00000000001111111110000000000000
00000000001111111110000000000000
00000000000001100000000000000000
