00000000000000000000001000000000
00000000000000000000111110000000
00000000000000000001111110000000
00000000000000000011111110000000
00000000000000000011111110000000
00000000000000000011111110000000
00000000000000000111111110000000
00000000000000001111111110000000
00000000000000011111111110000000
00000000000000111111111110000000
00000000000011111111111100000000
00000000000011111111111100000000
00000000000111111111111100000000
00000000001111111111111100000000
00000000011111111111111100000000
00000000011111111111111100000000
00000000111111001111111100000000
00000001111111000111111100000000
00000001111110000111111100000000
00000001111100000111111100000000
00000011110000000111111100000000
00000001000000000111111100000000
00000000000000000111111110000000
00000000000000000111111000000000
00000000000000000011111100000000
00000000000000000011111100000000
00000000000000000011111100000000
00000000000000000011111100000000
00000000000000000001111110000000
00000000000000000001111110000000
00000000000000000000111110000000
00000000000000000000001100000000
