00000000000000000001111000000000
00000000000000000001111110000000
00000000000000000001111100000000
00000000000000000011111100000000
00000000000000000111111100000000
00000000000000000111111100000000
00000000000000001111111110000000
00000000000000001111111110000000
00000000000000111111111110000000
00000000000000111111111110000000
00000000000011111111111100000000
00000000000111111111111100000000
00000000001111111111111100000000
00000000011111111111111100000000
00000000111111110011111100000000
00000001111111110011111100000000
00000001111110000011111100000000
00000011111110000011111000000000
00000001111100000011111000000000
00000000010000000011111000000000
00000000000000000011111000000000
00000000000000000011111000000000
00000000000000000011111100000000
00000000000000000111111000000000
00000000000000000111111100000000
00000000000000000111111100000000
00000000000000000111111100000000
00000000000000000011111100000000
00000000000000000001111110000000
00000000000000000001111110000000
00000000000000000001111110000000
00000000000000000001111110000000
