00000000000000000000011000000000
00000000000000000000111000000000
00000000000000000001111111000000
00000000000000000011111111000000
00000000000000000011111111000000
00000000000000000111111111000000
00000000000000000111111111000000
00000000000000000111111111000000
00000000000000001111111111000000
00000000000000011111111111000000
00000000000001111111111110000000
00000000000011111111111110000000
00000000000011111111111100000000
00000000001111111001111110000000
00000000011111111001111100000000
00000001111111110001111110000000
00000001111111100001111100000000
00000011111111000001111100000000
00000011111100000001111100000000
00000011111100000011111100000000
00000000110000000011111100000000
00000000000000000011110000000000
00000000000000000011111100000000
00000000000000000101111000000000
00000000000000000111111000000000
00000000000000000011111000000000
00000000000000000011111000000000
00000000000000000011111000000000
00000000000000000011111000000000
00000000000000000001111110000000
00000000000000000001111110000000
00000000000000000001111110000000
