00000000000000011110000000000000
00000000000000111111000000000000
00000000000001111111000000000000
00000000000000111111100000000000
00000000000000111111110000000000
00000000000000111111100000000000
00000000000000111111100000000000
00000000000000111111100000000000
00000000000001111111100000000000
00000000000001111111100000000000
00000000000011111111100000000000
00000000000011111111100000000000
00000000000011111111100000000000
00000000001111111111100000000000
00000000011111111111100000000000
00000000011111111111100000000000
00000000011111111111100000000000
00000000111111011111100000000000
00000001111111011111110000000000
00000001111110011111110000000000
00000011111000011111110000000000
00000001111000001111110000000000
00000000110000001111111000000000
00000000000000001111111000000000
00000000000000001111111100000000
00000000000000000111111100000000
00000000000000111111111100000000
00000000000001111111111110000000
00000000000001111111111111000000
00000000000001111111111111100000
00000000000000111111111111100000
00000000000000011111111111100000
