00000000000000000110000000000000
00000000000000001111000000000000
00000000000000001111110000000000
00000000000000000111111000000000
00000000000000001111111100000000
00000000000000011111111000000000
00000000000000011111111000000000
00000000000000011111111000000000
00000000000000011111111000000000
00000000000000111111111000000000
00000000000001111111111000000000
00000000000011111111111000000000
00000000111111111111110000000000
00000011111111111111110000000000
00000011111111111111110000000000
00000011111111111111110000000000
00000011111111111111110000000000
00000011111100001111100000000000
00000000000000011111100000000000
00000000000000011111100000000000
00000000000000011111100000000000
00000000000000011111100000000000
00000000000000011111100000000000
00000000000000011111100000000000
00000000000000011111100000000000
00000000000000011111110000000000
00000000000000011111110000000000
00000000000000011111111000000000
00000000000000001111111111000000
00000000000000001111111110000000
00000000000000000011111111000000
00000000000000000011100000000000
