00000000000000000001110000000000
00000000000000000111111000000000
00000000000000000111111000000000
00000000000000000111111110000000
00000000000000000111111110000000
00000000000000001111111110000000
00000000000000001111111110000000
00000000000000011111111100000000
00000000000000011111111000000000
00000000000000111111111000000000
00000000000001111111111000000000
00000000001111111111110000000000
00000000000111111111111000000000
00000000001111111111111000000000
00000000111111111111111000000000
00000001111111111111111000000000
00000011111110001111111000000000
00000011110000011111110000000000
00000001110000011111110000000000
00000000000000001111110000000000
00000000000000011111110000000000
00000000000000001111111000000000
00000000000000001111111000000000
00000000000000001111110000000000
00000000000000001111110000000000
00000000000000001111111000000000
00000000000000001111111000000000
00000000000000000111111000000000
00000000000000000111111000000000
00000000000000000111111100000000
00000000000000000001111110000000
00000000000000000000001100000000
