00000000111111111000000000000000
00000001111111111100000000000000
00000001111111111110000000000000
00000001111111111111000000000000
00000001111111111111000000000000
00000001111111111111100000000000
00000000111000111111100000000000
00000000010000011111100000000000
00000000000000011111100000000000
00000000000000011111100000000000
00000000000000001111110000000000
00000000000000001111100000000000
00000000000000001111100000000000
00000000000000011111100000000000
00000000000000011111000000000000
00000000000000011111000000000000
00000000000001111110000000000000
00000000000011111110000000000000
00000000000011111100000000000000
00000000000111111100000000000000
00000000001111111000000000000000
00000000011111110000000000000000
00000000111111110000000000000000
00000000111111110000000000000000
00000001111111100000000011000000
00000011111111000011111111100000
00000011111111111111111111110000
00000011111111111111111111110000
00000001111111111111111111100000
00000001111111111111111111000000
00000000111111111111111110000000
00000000011111111111000000000000
