00000000000011111000000000000000
00000000000011111110000000000000
00000000000111110110000000000000
00000000000111111111100000000000
00000000000111111111100000000000
00000000001111111111110000000000
00000000001111110111110000000000
00000000011111100011110000000000
00000000001111100001111000000000
00000000000111100001111000000000
00000000000011100001111100000000
00000000000000000001111000000000
00000000000000000011111000000000
00000000000000000001111000000000
00000000000000000011111000000000
00000000000000000001111100000000
00000000000000000011111000000000
00000000000000000111110000000000
00000000000000000111110000000000
00000000000000001111100000000000
00000000000000001111110000000000
00000000000000011111100000000000
00000000000000111111000000000000
00000000000000011111000000000000
00000000000001111110000001110000
00000000000011111110000001111000
00000000000111111111111111111100
00000000000111111111111111111100
00000000000111111111111111111110
00000000000111111111111111111100
00000000000011111111111111111100
00000000000001111111111100000000
