00000000111111100000000000000000
00000000111111100000000000000000
00000001111111110000000000000000
00000001111111111100000000000000
00000001111111111110000000000000
00000001111111111110000000000000
00000011111000111111000000000000
00000011111000111111000000000000
00000011111000111111000000000000
00000011111000111111000000000000
00000011111000111111000000000000
00000001111000111110000000000000
00000001111000111110000000000000
00000001110000111110000000000000
00000000000000111110000000000000
00000000000000111110000000000000
00000000000001111000000000000000
00000000000011110000000000000000
00000000000011110000000000000000
00000000000011110000000000000000
00000000000111110000000000000000
00000000000111110000000000000000
00000000000111100000000000000000
00000000001111000000000000000000
00000000001111000000000000000000
00000000011111110100000000000000
00000000111111111111111100000000
00000001111111111111111111000000
00000001111111111111111111000000
00000001111111111111111111000000
00000000111111111111111111100000
00000000001111010000111111100000
