00000000000011100000000000000000
00000000001111110000000000000000
00000000011111111000000000000000
00000001111111111000000000000000
00000011111111111000000000000000
00000011111111111100000000000000
00000111111111111100000000000000
00000111110000111100000000000000
00000011110000111100000000000000
00000011100000111100000000000000
00000001000001111100000000000000
00000000000001111100000000000000
00000000000001111000000000000000
00000000000001111000000000000000
00000000000011111000000000000000
00000000000011111000000000000000
00000000000011110000000000000000
00000000000011110000000000000000
00000000000111110000000000000000
00000000000111110000000000000000
00000000000111100000000000000000
00000000001111100000000000000000
00000000011111000000000000000000
00000000111111111000000000000000
00000001111111111111100100000000
00000001111111111111111111000000
00000000111111111111111111100000
00000000111111111111111111100000
00000000111111111111111111100000
00000000011111111111111111000000
00000000000000011111111110000000
00000000000000000011111110000000
