00000000000011111100000000000000
00000000000111111111000000000000
00000000001111111111100000000000
00000000001111111111110000000000
00000000011111111111110000000000
00000000001111111001111000000000
00000000001111110011111000000000
00000000001111100011111000000000
00000000000011100011111000000000
00000000000001000011111000000000
00000000000000000011111100000000
00000000000000000011111000000000
00000000000000000111111000000000
00000000000000000111111000000000
00000000000000001111110000000000
00000000000000001111110000000000
00000000000000001111110000000000
00000000000000011111100000000000
00000000000000011111100000000000
00000000000000111111100000000000
00000000000000111111100000000000
00000000000001111111000000000000
00000000000011111111000000000000
00000000000011111111111100000000
00000000000111111111111110010000
00000000000011111111111111111100
00000000000111111111111111111110
00000000001111111111111111111110
00000000000111111111111111111111
00000000001111111111111111111111
00000000000111111110000000011111
00000000000011111000000000000100
