00000000000001111100000000000000
00000000001111111111000000000000
00000000011111111111100000000000
00000000111111111111100000000000
00000001111111111111110000000000
00000000111111111111111000000000
00000001111111111111111000000000
00000001111110000111111000000000
00000001111100000111110000000000
00000001111000001111110000000000
00000000011000000111111000000000
00000000000000001111110000000000
00000000000000011111100000000000
00000000000000011111100000000000
00000000000000011111110000000000
00000000000000111111100000000000
00000000000000111111000000000000
00000000000001111111000000000000
00000000000011111110000000000000
00000000000001111110000000000000
00000000000011111100000000000000
00000000000111111000000000000000
00000000001111110000000000000000
00000000001111111000000000000000
00000000011111110000000000000000
00000000011111100000000000100000
00000000111111111111111111110000
00000001111111111111111111111000
00000000011111111111111111111100
00000000011111111111111111111100
00000000011111111111111111111100
00000000001111111111111111111000
