00000000000011000000000000000000
00000000000111110000000000000000
00000000001111111000000000000000
00000000011111111100000000000000
00000000011111111100000000000000
00000000011111111111000000000000
00000000011111111111000000000000
00000000011111001111000000000000
00000000111111001111000000000000
00000000111110001111000000000000
00000000011111000111100000000000
00000000011111000111100000000000
00000000011110000111100000000000
00000000011110000111100000000000
00000000001111000011110000000000
00000000001110000011110000000000
00000000000000000111100000000000
00000000000000000111100000000000
00000000000000001111100000000000
00000000000000000111110000000000
00000000000000000111100000000000
00000000000000001111000000000000
00000000000000011110000000000000
00000000000000011111111111100000
00000000000011111111111111110000
00000000001111111111111111110000
00000000011111111111111111110000
00000000011111111111111111110000
00000000001111111111111111111000
00000000001111111111111111111000
00000000011111110000000000000000
00000000001111000000000000000000
