00000000011110000000000000000000
00000000011111100000000000000000
00000000111111100000000000000000
00000000111111111000000000000000
00000001111111111100000000000000
00000011111111111100000000000000
00000011111111111100000000000000
00000011111000111100000000000000
00000011110000011100000000000000
00000011110000011100000000000000
00000011110000011100000000000000
00000001110000011100000000000000
00000000111000001110000000000000
00000000010000001110000000000000
00000000000000001110000000000000
00000000000000001110000000000000
00000000000000001110000000000000
00000000000000011110000000000000
00000000000000011100000000000000
00000000000000111100000000000000
00000000000000111000000000000000
00000000000000011100000000000000
00000000000000111100000000000000
00000000000001111000000000000000
00000000001111111110000000000000
00000000011111111100000000000000
00000000111111111111111110000000
00000001111111111111111111100000
00000001111111111111111111100000
00000000111111111111111111100000
00000000111111111111111111100000
00000000011000001111111110000000
