00000000011111000000000000000000
00000000011111100000000000000000
00000000111111110000000000000000
00000001111111110000000000000000
00000011111111110000000000000000
00000111111111110000000000000000
00000011111111111000000000000000
00000011111111111000000000000000
00000011111111111100000000000000
00000011111011111100000000000000
00000011110011111100000000000000
00000001110011111100000000000000
00000000100011111100000000000000
00000000000001111100000000000000
00000000000001111100000000000000
00000000000001111100000000000000
00000000000011111100000000000000
00000000000011111000000000000000
00000000000111111000000000000000
00000000000111111000000000000000
00000000000011111000000000000000
00000000000111111000000000000000
00000000001111111000000000000000
00000000011111110010000000000000
00000000011111111111100000000000
00000000111111111111111000000000
00000001111111111111111111000000
00000000111111111111111111110000
00000000111111111111111111111000
00000000111111111111111111111000
00000000111111111111111111111000
00000000111111111111111111110000
