00000000011111000000000000000000
00000000111111000000000000000000
00000001111111100000000000000000
00000001111111111000000000000000
00000011111111111100000000000000
00000111111111111100000000000000
00001111111111111100000000000000
00001111111001111100000000000000
00001111111000111110000000000000
00001111110000111110000000000000
00001111110000111110000000000000
00001111110000111100000000000000
00001111100001111100000000000000
00000111000001111100000000000000
00000000000000111110000000000000
00000000000000111100000000000000
00000000000001111100000000000000
00000000000001111100000000000000
00000000000011111000000000000000
00000000000001111100000000000000
00000000000011111100000000000000
00000000000011111100000000000000
00000000000011111000000000000000
00000000001111110000000000000000
00000000011111101111111100000000
00000000011111111111111111110000
00000000111111111111111111111000
00000001111111111111111111111000
00000001111111111111111111110000
00000001111111111111111111000000
00000000011111111111111000000000
00000000001111111100000000000000
