00000000000111000000000000000000
00000000011111100000000000000000
00000000111111110000000000000000
00000000011111111000000000000000
00000000111111111100000000000000
00000001111111111100000000000000
00000011111111111110000000000000
00000011111100111110000000000000
00000011111000111110000000000000
00000011111000111110000000000000
00000011110000111110000000000000
00000111110000111110000000000000
00000111110000111100000000000000
00000011100000111100000000000000
00000000000001111100000000000000
00000000000001111000000000000000
00000000000001111000000000000000
00000000000011111000000000000000
00000000000111110000000000000000
00000000000111110000000000000000
00000000001111100000000000000000
00000000001111100000000000000000
00000000011111000000001010000000
00000000111111000001111111000000
00000000111110000011111111100000
00000000111110111111111111100000
00000000111111111111111111000000
00000000111111111111111110000000
00000000111111111111111000000000
00000000111111111110000000000000
00000000011111111110000000000000
00000000001111111000000000000000
