00000000000111100000000000000000
00000000001111110000000000000000
00000000011111110000000000000000
00000000011111111000000000000000
00000000111111111100000000000000
00000000111111111100000000000000
00000001111111111110000000000000
00000001111100111110000000000000
00000011111100111110000000000000
00000011111000111110000000000000
00000011111000111110000000000000
00000111111000111110000000000000
00000111110001111110000000000000
00000011110001111100000000000000
00000011110001111100000000000000
00000011110001111100000000000000
00000001100001111100000000000000
00000000000001111100000000000000
00000000000011111000000000000000
00000000000011111000000000000000
00000000000011111000000000000000
00000000000011111000000000000000
00000000000111110000000000000000
00000000000111110000000000000000
00000000001111100000011100000000
00000000001111101111111111000000
00000000001111111111111111100000
00000000011111111111111111100000
00000000011111111111111111000000
00000000011111111111100000000000
00000000000111111111000000000000
00000000000011111110000000000000
