00000000000111110000000000000000
00000000011111111100000000000000
00000000111111111100000000000000
00000000111111111100000000000000
00000000111111111110000000000000
00000001111111111110000000000000
00000001111100111110000000000000
00000001111000111110000000000000
00000001111000111110000000000000
00000011111000111110000000000000
00000011111000111110000000000000
00000001111000111110000000000000
00000001111000111110000000000000
00000001111100111110000000000000
00000001111111111100000000000000
00000000111001111100000000000000
00000000011111111100000000000000
00000000000011111000000000000000
00000000000111110000000000000000
00000000000111110000000000000000
00000000001111110000000000000000
00000000011111100000000000000000
00000000111111100000000000000000
00000000111111000000000000000000
00000011111111000000000000000000
00000011111111000000000000000000
00000011111111111110000110000000
00000011111111111111111110000000
00000000111111111111111110000000
00000000111111111111111111000000
00000000111111111100001110000000
00000000000000010000000000000000
