00000000000001000000000000000000
00000000011111100000000000000000
00000000011111110000000000000000
00000000111111111100000000000000
00000001111111111100000000000000
00000001111111111110000000000000
00000001111111111111000000000000
00000001111000011111000000000000
00000001111000001111000000000000
00000011110000001111000000000000
00000001111000000111100000000000
00000001111100000111100000000000
00000001111100000111100000000000
00000001111000000111100000000000
00000000111000000111100000000000
00000000000000001111000000000000
00000000000000001111000000000000
00000000000000001111000000000000
00000000000000011110000000000000
00000000000000011110000000000000
00000000000000011110000000000000
00000000000000111100000000000000
00000000000001111100000000000000
00000000000001111100000000000000
00000000000011111000000000000000
00000000011111111000000000000000
00000000111111111100000000000000
00000000111111111111111111000000
00000000111111111111111111000000
00000000011111111111111111000000
00000000011111111111111111000000
00000000011101111111111110000000
