00000000000000100000000000000000
00000000000011111110000000000000
00000000001111111111000000000000
00000000011111111110000000000000
00000000011111111111000000000000
00000000111111111111100000000000
00000000111111111111100000000000
00000001111111111111110000000000
00000001111100000111110000000000
00000001111000000111110000000000
00000001110000000011110000000000
00000000110000000011100000000000
00000000100000000111000000000000
00000000000000000111000000000000
00000000000000000111000000000000
00000000000000001111000000000000
00000000000000001110000000000000
00000000000000011110000000000000
00000000000000111110000000000000
00000000000000111100000000000000
00000000000001111100000000000000
00000000000011111000000000000000
00000000000111110000000000000000
00000000001111110000000000000000
00000000001111111111111000000000
00000000001111111111111100000000
00000000001111111111111110000000
00000000001111111111111110000000
00000000001111111111111110000000
00000000001111111111111110000000
00000000001111111111011000000000
00000000000000100000000000000000
