00000000000000000111110000000000
00000000000000011111111100000000
00000000000001111111111100000000
00000000001111111111111100000000
00000000011111111111111100000000
00000000011111111111111100000000
00000000111111100000111100000000
00000001111110000000111100000000
00000001111110000000111100000000
00000001111100000001111000000000
00000011110000000011111000000000
00000011110000000011111000000000
00000001110000000111110000000000
00000000000000000111110000000000
00000000000000001111100000000000
00000000000000011111000000000000
00000000000000011111000000000000
00000000000000111111000000000000
00000000000001111110000000000000
00000000000001111100000000000000
00000000000001111100000000000000
00000000000011111000000000000000
00000000000011111000000000000000
00000000000011110000000000000000
00000000000011110000000011000000
00000000000011110000011111000000
00000000000011111111111111000000
00000000000011111111111110000000
00000000000011111111111100000000
00000000000001111111111000000000
00000000000000111111000000000000
00000000000000001000000000000000
