00000000001111110000000000000000
00000000011111111000000000000000
00000000111111111100000000000000
00000000111111111110000000000000
00000001111111111110000000000000
00000001111111111111000000000000
00000011111101111111000000000000
00000011111100111111000000000000
00000001111100111111000000000000
00000001111000111111000000000000
00000001111100111111000000000000
00000001111100011111000000000000
00000000111000011111000000000000
00000000000001111110000000000000
00000000000001111110000000000000
00000000000001111110000000000000
00000000000001111110000000000000
00000000000001111110000000000000
00000000000011111100000000000000
00000000000011111100000000000000
00000000001111110000000000000000
00000000011111110000000000000000
00000000111111110000000000000000
00000001111111111000011000000000
00000011111111111110111100000000
00000011111111111111111100000000
00000011111111111111111110000000
00000011111111111111111110000000
00000001111111111111111110000000
00000000111111111111111110000000
00000000011111111111111110000000
00000000000001111111111100000000
