00000000011110000000000000000000
00000000011111000000000000000000
00000001111111100000000000000000
00000001111111111000000000000000
00000001111111111000000000000000
00000001111111111000000000000000
00000011111001111100000000000000
00000011110000111100000000000000
00000011110000111100000000000000
00000011100000111100000000000000
00000011100000011100000000000000
00000011100000011100000000000000
00000011100000111100000000000000
00000001100000111100000000000000
00000000000000111000000000000000
00000000000000111000000000000000
00000000000000111000000000000000
00000000000000111000000000000000
00000000000001111000000000000000
00000000000011111000000000000000
00000000000011110000000000000000
00000000000111110000000000000000
00000000001111100000000000000000
00000000011111100000000100000000
00000000111111100000011110000000
00000001111111111111111111000000
00000001111111111111111111000000
00000001111111111111111111000000
00000001111111111111111111000000
00000001111111111111111111000000
00000000111110000000000111100000
00000000010000000000000000000000
