00000000000011000000000000000000
00000000000111100000000000000000
00000000001111111000000000000000
00000000011111111000000000000000
00000000111111111100000000000000
00000001111111111100000000000000
00000001111111111100000000000000
00000001111000111100000000000000
00000011110000111110000000000000
00000011110000011110000000000000
00000011100000011110000000000000
00000011100000011110000000000000
00000011100000011110000000000000
00000001100000011110000000000000
00000000000000011100000000000000
00000000000000011100000000000000
00000000000000111100000000000000
00000000000000111100000000000000
00000000000000111100000000000000
00000000000000111100000000000000
00000000000001111000000000000000
00000000000001111000000000000000
00000000000001111000000000000000
00000000000011111000000000000000
00000000001111111111111110000000
00000000001111111111111111000000
00000000011111111111111111000000
00000000011111111111111111000000
00000000011111111111111111000000
00000000001111111111111111000000
00000000001111111100111111000000
00000000000000000000000110000000
