00000000001000000000000000000000
00000000011111000000000000000000
00000001111111100000000000000000
00000001111111100000000000000000
00000011111111110000000000000000
00000111111111110000000000000000
00000111111111110000000000000000
00000111111111110000000000000000
00000011110011111000000000000000
00000011110011111000000000000000
00000011110001111100000000000000
00000001110001111100000000000000
00000001110001111100000000000000
00000000000001111100000000000000
00000000000001111100000000000000
00000000000001111100000000000000
00000000000001111000000000000000
00000000000001111000000000000000
00000000000011111000000000000000
00000000000011111000000000000000
00000000000011111000000000000000
00000000000011110000000000000000
00000000000111110000000000000000
00000000000111110000000000000000
00000000001111110000011111000000
00000000011111110001111111100000
00000001111111111111111111100000
00000001111111111111111111100000
00000001111111111111111111100000
00000001111111111111111111100000
00000000111111111111111111100000
00000000001111110010011100000000
