00000000000111110000000000000000
00000000011111111000000000000000
00000000111111111100000000000000
00000000011111111110000000000000
00000000111111111110000000000000
00000000111111111110000000000000
00000001111111111111000000000000
00000001111111001111100000000000
00000001111110001111110000000000
00000011111110001111100000000000
00000011111100001111100000000000
00000001111100000111110000000000
00000001111100001111100000000000
00000001111100001111100000000000
00000000111000001111100000000000
00000000000000000111110000000000
00000000000000001111100000000000
00000000000000001111100000000000
00000000000000001111110000000000
00000000000000001111100000000000
00000000000000001111100000000000
00000000000000011111000000000000
00000000000000011111100000000000
00000000000000111111000000000000
00000000000001111111000000000000
00000000000111111110000000000000
00000000001111111111111111111000
00000000011111111111111111111100
00000000011111111111111111111100
00000000111111111111111111111100
00000000011111111111111111111100
00000000001111110111111111110000
