00000000000111111000000000000000
00000000011111111110000000000000
00000000111111111111000000000000
00000000111111111111000000000000
00000001111111111111100000000000
00000001111111111111110000000000
00000001111111111111100000000000
00000001111100001111110000000000
00000001111100000111110000000000
00000000111000000111110000000000
00000000010000000111110000000000
00000000000000000111110000000000
00000000000000000111110000000000
00000000000000001111100000000000
00000000000000001111100000000000
00000000000000001111100000000000
00000000000000001111100000000000
00000000000000001111100000000000
00000000000000011111100000000000
00000000000000111111000000000000
00000000000011111110000000000000
00000000000111111100000000000000
00000000011111111100000000000000
00000000111111111000000000000000
00000000111111111111100000000000
00000001111111111111111100000000
00000001111111111111111110000000
00000001111111111111111110000000
00000001111111111111111110000000
00000000111111111111111110000000
00000000000000011111111110000000
00000000000000000011111110000000
