00000000001111110000000000000000
00000000111111111000000000000000
00000001111111111000000000000000
00000011111111111100000000000000
00000011111111111100000000000000
00000011111111111110000000000000
00000011100000111110000000000000
00000011100000011110000000000000
00000011110000001110000000000000
00000011110000001111000000000000
00000001111000000111100000000000
00000000110000000111100000000000
00000000000000000111100000000000
00000000000000000111100000000000
00000000000000000111100000000000
00000000000000000111100000000000
00000000000000000111100000000000
00000000000000001111000000000000
00000000000000011111000000000000
00000000000000011111000000000000
00000000000000111110000000000000
00000000000011111110000000000000
00000000000011111100000000000000
00000000000011111110000000000000
00000000001111111100000000000000
00000000011111111111111110000000
00000000111111111111111111000000
00000001111111111111111111100000
00000001111111111111111111100000
00000001111111111111111111100000
00000000111111111111111111100000
00000000000000000000000011000000
