00000000011110000000000000000000
00000000111111000000000000000000
00000001111111100000000000000000
00000001111111111000000000000000
00000011111111111100000000000000
00000011111111111100000000000000
00000011111111111100000000000000
00000011111011111110000000000000
00000011111001111110000000000000
00000011110001111110000000000000
00000011111001111110000000000000
00000011110000111110000000000000
00000001111000011111000000000000
00000000110000111111000000000000
00000000000000111111000000000000
00000000000000111111000000000000
00000000000000111111000000000000
00000000000000111110000000000000
00000000000001111110000000000000
00000000000001111110000000000000
00000000000011111100000000000000
00000000000001111110000000000000
00000000000011111110000000000000
00000000001111111100000000000000
00000000111111111111000000000000
00000001111111111111111111000000
00000011111111111111111111100000
00000011111111111111111111100000
00000011111111111111111111110000
00000001111111111111111111110000
00000000011111111011111111111000
00000000001000000000001111110000
