00000000000001111000000000000000
00000000000001111110000000000000
00000000000111111110000000000000
00000000001111111110000000000000
00000000011111111110000000000000
00000000111111111111100000000000
00000011111111101111100000000000
00000011111110001111000000000000
00000111111110000111100000000000
00000111111100000111100000000000
00000111111000000111100000000000
00000011111100000011110000000000
00000011111000000011110000000000
00000111111000000111110000000000
00000111111000000111100000000000
00000001111000000011110000000000
00000001100000000111110000000000
00000000000000001111100000000000
00000000000000001111110000000000
00000000000000001111110000000000
00000000000000011111100000000000
00000000000000011111000000000000
00000000000000111111100000000000
00000000000001111111111111000000
00000000000011111111111111110000
00000000000011111111111111111000
00000000000011111111111111111000
00000000000111111111111111111000
00000000000111111111111111111100
00000000000111111111111111111000
00000000000001111110000000000000
00000000000000010000000000000000
