00000000000111111000000000000000
00000000001111111100000000000000
00000000011111111100000000000000
00000000111111111110000000000000
00000000111111111110000000000000
00000001111111111110000000000000
00000001111111111111100000000000
00000001111110011111100000000000
00000001111100011111100000000000
00000001111000011111100000000000
00000011111000111111000000000000
00000011111000111111000000000000
00000011111000111111000000000000
00000000111000011111100000000000
00000000010000111111000000000000
00000000000001111111000000000000
00000000000011111110000000000000
00000000000011111110000000000000
00000000000111111100000000000000
00000000000111111100000000000000
00000000000111111100000000000000
00000000011111111100000000000000
00000000111111111000000000000000
00000001111111110000001111000000
00000001111111111111011111100000
00000001111111111111111111100000
00000001111111111111111111110000
00000001111111111111111111111000
00000000111111111111111111111000
00000000011111111111111111110000
00000000001111111011111111100000
00000000000000000000000011000000
