00000000000001111100000000000000
00000000001111111110000000000000
00000000001111111111100000000000
00000000001111111111100000000000
00000000001111111111110000000000
00000000011111111111111000000000
00000000011111110111111000000000
00000000011111110011111100000000
00000000011111110011111100000000
00000000011111100011111100000000
00000000000111100001111110000000
00000000000111100001111110000000
00000000000001100000111110000000
00000000000000000001111110000000
00000000000000000001111110000000
00000000000000000000111111000000
00000000000000000001111110000000
00000000000000000001111110000000
00000000000000000001111110000000
00000000000000000001111110000000
00000000000000000011111100000000
00000000000000000011111110000000
00000000000000000111111110000000
00000000000000000111111110000000
00000000000000001111111100000000
00000000000001111111111000000000
00000000000011111111111111110000
00000000001111111111111111111000
00000000011111111111111111111100
00000000001111111111111111111111
00000000000111111111111111111111
00000000000000111111111111111111
