00000000000000111100000000000000
00000000000000111110000000000000
00000000001111111111100000000000
00000000000111111111110000000000
00000000001111111111110000000000
00000000011111111001111000000000
00000000111111100001111000000000
00000000011111100000111100000000
00000000111100000000111100000000
00000000111100000000111100000000
00000001111100000000111000000000
00000000111110000000011100000000
00000000111100000000111100000000
00000000111100000000111100000000
00000000111000000000111100000000
00000000011100000000111000000000
00000000001000000001111000000000
00000000000000000001111000000000
00000000000000000001111000000000
00000000000000000001111000000000
00000000000000000011111000000000
00000000000000001111110000000000
00000000000000001111110000000000
00000000000000001111100000000000
00000000000000111111000011000000
00000000000011111111111111110000
00000000000011111111111111111000
00000000001111111111111111111000
00000000001111111111111111111000
00000000001111111111111111111000
00000000001111111111111111111000
00000000000111110000000000000000
