00000000000001110000000000000000
00000000000111111000000000000000
00000000111111111000000000000000
00000000011111111110000000000000
00000000111111111111000000000000
00000001111111111111000000000000
00000001111111011111000000000000
00000011111000011111000000000000
00000011111100000111100000000000
00000011110000000111100000000000
00000111110000000111100000000000
00000111100000000111100000000000
00000011100000000111100000000000
00000010000000001111100000000000
00000000000000000111100000000000
00000000000000000111000000000000
00000000000000001111000000000000
00000000000000001111000000000000
00000000000000011111000000000000
00000000000000001111000000000000
00000000000000011111000000000000
00000000000000011110000000000000
00000000000000111100000000000000
00000000000000111100000000000000
00000000000011111111111111100000
00000000000011111111111111110000
00000000001111111111111111110000
00000000011111111111111111110000
00000000011111111111111111110000
00000000111111100000001111100000
00000000001111000000000001100000
00000000000010000000000000000000
