00000001111110000000000000000000
00000011111111100000000000000000
00000011111111110000000000000000
00000001111111111100000000000000
00000001111111111110000000000000
00000000111111111110000000000000
00000000111111111110000000000000
00000000000111111110000000000000
00000000000001111110000000000000
00000000000001111110000000000000
00000000000001111110000000000000
00000000000001111110000000000000
00000000000001111110000000000000
00000000000011111100000000000000
00000000000011111100000000000000
00000000000111111100000000000000
00000000000111111000000000000000
00000000000111110000000000000000
00000000000111110000000000000000
00000000000111110000000000000000
00000000001111110000000000000000
00000000111111100000000000000000
00000000111111000000000000000000
00000000111111000000000000000000
00000001111111101111111000000000
00000001111111111111111110000000
00000001111111111111111110000000
00000011111111111111111111000000
00000011111111111111111111000000
00000011111111111111111111000000
00000000111111111111001111000000
00000000011110000000000111000000
