00000000011000000000000000000000
00000000111110000000000000000000
00000001111110000000000000000000
00000001111111000000000000000000
00000001111111000000000000000000
00000001111111000000000000000000
00000011111111100000000000000000
00000011111111100000000000000000
00000011111111100000000000000000
00000011100111100000000000000000
00000011100011110000000000000000
00000011100011110000000000000000
00000001100011110000000000000000
00000001100011110000000000000000
00000000100011110000000000000000
00000000000011100000000000000000
00000000000011100000000000000000
00000000000111100000000000000000
00000000000111100000000000000000
00000000001111100000000000000000
00000000001111000000000000000000
00000000011111000000000000000000
00000000111111000000000000000000
00000001111111000000000000000000
00000001111111111111000000000000
00000001111111111111111100000000
00000011111111111111111111000000
00000011111111111111111111000000
00000001111111111111111111000000
00000001111111111111111000000000
00000001111111111111000000000000
00000000011111111100000000000000
