00000000000011111100000000000000
00000000000111111111000000000000
00000000000111111111000000000000
00000000001111111111110000000000
00000000111111111111110000000000
00000000111111100111110000000000
00000000111111100011111000000000
00000000111110000011111000000000
00000001111110000011111000000000
00000000000000000011111000000000
00000000000000000111111000000000
00000000000000001111100000000000
00000000000000001111110000000000
00000000000001111111100000000000
00000000000011111111100000000000
00000000000111111111110000000000
00000000001111111111110000000000
00000000001111111111111000000000
00000000000111111111111100000000
00000000000111110011111111000000
00000000000111000001111111000000
00000000000000000000001111100000
00000000000000000000001111100000
00000000000000000000001111100000
00000000000000000000000111110000
00000000001111100000111111100000
00000000011111111001111111100000
00000000001111111111111111110000
00000000001111111111111111100000
00000000000111111111111111000000
00000000000001111111111111000000
00000000000000011111111000000000
