00000000000010011100000000000000
00000000011111111111000000000000
00000000111111111111100000000000
00000001111111111111110000000000
00000011111111111111111000000000
00000111111111111111111000000000
00000011111111001001111100000000
00000011001100000001111100000000
00000011111000000001111100000000
00000011110000000011111000000000
00000011110000000111111000000000
00000011100000000111110000000000
00000011100000011111100000000000
00000001110000011111110000000000
00000000000001111111100000000000
00000000000001111111110000000000
00000000000001111111111100000000
00000000000001111111111100000000
00000000000000111111111110000000
00000000000000000011111110000000
00000000000000000000011111100000
00000000000000000000011111100000
00000000000000000000001111100000
00000000000000000000001111100000
00000000000000000000001111100000
00000000000000000000001111100000
00000000110000110000111111100000
00000000011111111111111111110000
00000000111111111111111111100000
00000000111111111111111111000000
00000000011111111111111110000000
00000000000000001011110000000000
