00000000000000111111110000000000
00000000000011111111111100000000
00000000001111111111111110000000
00000000011111111111111100000000
00000000111111111111111100000000
00000000111100000001111110000000
00000001111100000001111100000000
00000001111000000001111100000000
00000000111000000001111100000000
00000000011000000111111000000000
00000000000000001111111000000000
00000000000000001111110000000000
00000000000000111111000000000000
00000000000000111111000000000000
00000000000000011111100000000000
00000000000000011111110000000000
00000000000000000111111000000000
00000000000000000011111100000000
00000000000000000011111100000000
00000000000000000000111110000000
00000000000000000000111110000000
00000000000000000001111100000000
00000000000000000001111110000000
00000000000000000000111100000000
00000000000000000000111110000000
00000000000000000001111110000000
00000000000000000111111110000000
00000000000111111111111110000000
00000000001111111111111100000000
00000000001111111111111000000000
00000000011111111111100000000000
00000000000111101000000000000000
