00000000000000000000000000000000
00000000000000001111100000000000
00000000000001111111111000000000
00000000000011111111111000000000
00000000001111111111111000000000
00000000011111111111111000000000
00000000111111111111111000000000
00000000111110000001111000000000
00000000111100000001111000000000
00000001111000000011110000000000
00000001111000000111110000000000
00000001110000000111110000000000
00000000000000011111100000000000
00000000000000011111110000000000
00000000000000111111111000000000
00000000000001111111111000000000
00000000000000111111111100000000
00000000000000000011111100000000
00000000000000000001111100000000
00000000000000000001111100000000
00000000000000000001111100000000
00000000000000000000111110000000
00000000000000000000111110000000
00000000000000000000011110000000
00000000000000100000011100000000
00000000000001111000111100000000
00000000000011111111111100000000
00000000000011111111111100000000
00000000000011111111111100000000
00000000000111111111100000000000
00000000000000111111000000000000
00000000000000111110000000000000
