00000000000001111111000000000000
00000000111111111111110000000000
00000001111111111111111100000000
00000001111111111111111110000000
00000001111111111111111110000000
00000001111110000001111110000000
00000001111100000011111110000000
00000000111100000111111100000000
00000000000000001111111000000000
00000000000000011111111000000000
00000000000000011111100000000000
00000000000001111110000000000000
00000000000001111111000000000000
00000000000001111100000000000000
00000000000011111100000000000000
00000000000011110000000000000000
00000000000011110000000000000000
00000000000011111000000000000000
00000000000011111000000000000000
00000000000001111100000000000000
00000000000001111100000000000000
00000000000000011111000000000000
00000000000000001111100000000000
00000000000000001111100000000000
00000000000000001111100000000000
00000000000000000111110000000000
00000000000000001111110000000000
00000001110000111111100000000000
00000001111111111111100000000000
00000001111111111111000000000000
00000000011111111111000000000000
00000000000111100000000000000000
