00000000000011111111100000000000
00000000001111111111110000000000
00000000011111111111111000000000
00000000011111111111111100000000
00000000111111111111111100000000
00000001111111111111111100000000
00000000111111110011111100000000
00000000111111000001111110000000
00000000111111000011111110000000
00000000011111000111111100000000
00000000011111001111111000000000
00000000001111001111111100000000
00000000000110011111111000000000
00000000000000111111110000000000
00000000000000111111100000000000
00000000000000011111100000000000
00000000000000011111100000000000
00000000000000111111100000000000
00000000000000011111110000000000
00000000000000001111110000000000
00000000000000001111111000000000
00000000000000000111111000000000
00000000000000000011111100000000
00000000000000000011111100000000
00000000000000000011111100000000
00000000000000000111111100000000
00000000000000011111111110000000
00000000000001111111111110000000
00000000001111111111111100000000
00000000011111111111111000000000
00000000011111111111111000000000
00000000001111111111110000000000
