00000000000011110000000000000000
00000000001111111100000000000000
00000000011111111100000000000000
00000000111111111111000000000000
00000001111111111111000000000000
00000011111100000111000000000000
00000111111000000111000000000000
00000111110000000111000000000000
00000111110000000111000000000000
00000011110000001111000000000000
00000011110000001111000000000000
00000000000000011110000000000000
00000000000000001111000000000000
00000000000000111111110000000000
00000000000001111111111000000000
00000000000011111111111100000000
00000000000001111111111110000000
00000000000001111001111110000000
00000000000001100000011111000000
00000000000000000000001111000000
00000000000000000000001111000000
00000000000000000000000011100000
00000000000000000000000111100000
00000000000000000000000111100000
00000000000000000000001111000000
00000000000000000000001111000000
00000000011100000001111110000000
00000000011100000011111100000000
00000000011111111111111000000000
00000000011111111111110000000000
00000000001111111111110000000000
00000000000111111111000000000000
