00000000000001111111100000000000
00000000000011111111110000000000
00000000011111111111110000000000
00000000011111111111110000000000
00000001111111111111110000000000
00000111111111111111111000000000
00000111111110000111111000000000
00000111111100000111111000000000
00000111110000000111110000000000
00000011100000000111110000000000
00000000000000001111111000000000
00000000000000011111111000000000
00000000000000011111110000000000
00000000000000111111100000000000
00000000000001111111000000000000
00000000000001111111110000000000
00000000000011111111111110000000
00000000000001111111111110000000
00000000000000011111111110000000
00000000000000001111111110000000
00000000000000000001111110000000
00000000000000000000011111000000
00000000000000000000011111000000
00000000100000000000001111100000
00000001110000000000001111100000
00000001111000000000011111100000
00000001111110000000111111100000
00000000111111111111111111000000
00000000011111111111111111000000
00000000011111111111111100000000
00000000000111111111111000000000
00000000000111111111100000000000
