00000000000011100110000000000000
00000000011111111111000000000000
00000001111111111111100000000000
00000011111111111111100000000000
00000011111111111111110000000000
00000011111111111111110000000000
00000111111000000111111000000000
00000111110000000111111000000000
00000111100000000111110000000000
00000011000000000111110000000000
00000000000000000111110000000000
00000000000000001111110000000000
00000000000000011111110000000000
00000000000000111111100000000000
00000000000001111111110000000000
00000000000001111111111000000000
00000000000001111111111100000000
00000000000000111111111100000000
00000000000000000001111110000000
00000000000000000000111111000000
00000000000000000000111111000000
00000000000000000000111111000000
00000000000000000000111111000000
00000000000000000000111111100000
00000001110000000001111111000000
00000001110000000011111110000000
00000001111111111111111100000000
00000001111111111111111000000000
00000001111111111111111000000000
00000000111111111111100000000000
00000000000011111110000000000000
00000000000000000000000000000000
