00000000000111111111000000000000
00000000000111111111110000000000
00000000000111111111110000000000
00000000001111111111111000000000
00000000011111111111111000000000
00000000001111111111111110000000
00000000000111110000111110000000
00000000000011100000111110000000
00000000000000000000111110000000
00000000000000000000111110000000
00000000000000000000011111000000
00000000000000000000111111000000
00000000000000000001111110000000
00000000000000000011111110000000
00000000000000000111111111000000
00000000000000011111111110000000
00000000000000111111111000000000
00000000000001111111110000000000
00000000000001111111100000000000
00000000000000111111110000000000
00000000000000011111111000000000
00000000000000001111111000000000
00000000100000000111111000000000
00000000111000000011111100000000
00000001111000000001111100000000
00000001111100000001111100000000
00000001111110000001111100000000
00000000111111111111111100000000
00000000000111111111111110000000
00000000000111111111111100000000
00000000000011111111111000000000
00000000000001111111110000000000
