00000000000111111000000000000000
00000000001111111100000000000000
00000000011111111110000000000000
00000000011111111111100000000000
00000001111111111111100000000000
00000011111111111111100000000000
00000111111110001111110000000000
00000111111100001111110000000000
00001111111000001111110000000000
00001111110000001111110000000000
00001111110000011111100000000000
00001111110000111111000000000000
00000011111000011111100000000000
00000001110001111111110000000000
00000000000011111111111000000000
00000000000111111111111100000000
00000000000111111111111110000000
00000000000011111111111111000000
00000000000000110001111111000000
00000000000000000000011111100000
00000000000000000000011111100000
00000000000000000000001111110000
00000000000000000000001111110000
00000000000000000000001111110000
00000000000000000000001111110000
00000000000011000000011111100000
00000000000111100000111111100000
00000000001111110011111111000000
00000000011111111111111111000000
00000000011111111111111110000000
00000000000111111111111110000000
00000000000011111111111000000000
