00000000000001000000000000000000
00000000001111100000000000000000
00000000011111111100000000000000
00000000011111111110000000000000
00000001111111111110000000000000
00000001111111111111000000000000
00000001111111111111000000000000
00000000011100011111000000000000
00000000000000111111000000000000
00000000000000111111000000000000
00000000000001111100000000000000
00000000000000111110000000000000
00000000000001111110000000000000
00000000000001111110000000000000
00000000000011111100000000000000
00000000000001111111000000000000
00000000000001111111100000000000
00000000000001111111110000000000
00000000000000011111111110000000
00000000000000001111111111000000
00000000000000000011111111100000
00000000000000000001111111100000
00000000000000000000011111110000
00000000000000000000011111110000
00000000000000000000011111110000
00000000000000000000111111100000
00000000001111100111111111100000
00000000001111111111111111000000
00000000011111111111111000000000
00000000011111111111110000000000
00000000001111111111100000000000
00000000000001000000000000000000
