00000000000001110000000000000000
00000000000111111100000000000000
00000000000111111100000000000000
00000000001111111111000000000000
00000000011111111111000000000000
00000000011111111111100000000000
00000000111111111111000000000000
00000001111100001111000000000000
00000001111000001111000000000000
00000001111000001111000000000000
00000000110000001111000000000000
00000000110000011111000000000000
00000000110000111110000000000000
00000000100001111100000000000000
00000000000001111100000000000000
00000000000001111000000000000000
00000000000001111110000000000000
00000000000001111111100000000000
00000000000000111111110000000000
00000000000000111111111000000000
00000000000000111111111000000000
00000000000000001111111100000000
00000000000000000111111110000000
00000000000000000001111110000000
00000000000000000000111110000000
00000000000011000000011110000000
00000000000011111111111110000000
00000000000111111111111100000000
00000000000111111111111100000000
00000000000111111111111100000000
00000000000011111111111000000000
00000000000001111111000000000000
