00000000000001111000000000000000
00000000001111111111000000000000
00000000001111111111100000000000
00000000011111111111110000000000
00000000111111111111111000000000
00000000111110001111111000000000
00000000011110000000111100000000
00000000000000000000111100000000
00000000000000000001111100000000
00000000000000000001111000000000
00000000000000000011111000000000
00000000000001111111110000000000
00000000000011111111100000000000
00000000000011111111100000000000
00000000000011111110000000000000
00000000000011111110000000000000
00000000000011111110000000000000
00000000000001111111100000000000
00000000000000111111110000000000
00000000000000011111111100000000
00000000000000000001111111000000
00000000000000000001111111000000
00000000000000000000001111100000
00000000000000000000000111100000
00000000111100000000000111100000
00000000111100000000001111100000
00000001111100000000111111000000
00000000011111100001111111000000
00000000001111111111111111000000
00000000001111111111111100000000
00000000000011111111111000000000
00000000000001111111110000000000
