00000000000000000001000000000000
00000000000000000011100000000000
00000000000000001111111000000000
00000000000000011111111000000000
00000000000000111111111110000000
00000000000001111111111110000000
00000000000111111000111110000000
00000000000111111000111110000000
00000000001111000000111100000000
00000000011111000000111100000000
00000000111100000000111100000000
00000000111100000001111100000000
00000011111000000011111110000000
00000011111000000011111111000000
00000001111111111111111111000000
00000001111111111111111111000000
00000000111111111111111111000000
00000000011111111111111000000000
00000000000100001111110000000000
00000000000000000111100000000000
00000000000000000111100000000000
00000000000000001110000000000000
00000000000000001110000000000000
00000000000000011110000000000000
00000000000000011111000000000000
00000000000000011111000000000000
00000000000000011111000000000000
00000000000000011111000000000000
00000000000000011111000000000000
00000000000000001111000000000000
00000000000000011111000000000000
00000000000000011110000000000000
