00000000000000011110000000000000
00000000000000111111000000000000
00000000000000111111000000000000
00000000000011111110000000000000
00000000000111111100000010000000
00000000000111111000000111000000
00000000000111111000000111100000
00000000001111110000001111100000
00000000111111000000011111100000
00000001111110000000011111000000
00000001111100000000011111000000
00000011111100000000111111000000
00000011111111100000111111100000
00000001111111111111111111110000
00000011111111111111111111100000
00000001111111111111111111100000
00000000111111111111111111000000
00000000011111111111111110000000
00000000000101111111111100000000
00000000000000000111110000000000
00000000000000001111110000000000
00000000000000001111100000000000
00000000000000001111100000000000
00000000000000001111100000000000
00000000000000001111000000000000
00000000000000111110000000000000
00000000000000111110000000000000
00000000000000111110000000000000
00000000000000111110000000000000
00000000000000111110000000000000
00000000000001111100000000000000
00000000000000111100000000000000
