00000000000000000111100000000000
00000000000000000111110000000000
00000000000000011111100000000000
00000000000000011111100000010000
00000000000000111111000001110000
00000000000001111111000011111000
00000000000001111110000011111100
00000000000111111100000111111000
00000000000111111000000111111000
00000000001111111000000111111000
00000000011111110000001111110000
00000000011111100000001111110000
00000001111111000000011111100000
00000001111111100000011111100000
00000011111111111111111111100000
00000111111111111111111111100000
00000011111111111111111111100000
00000011111111111111111111100000
00000111111111111111111111000000
00000011111111111111111111000000
00000000000001111111111110000000
00000000000000000011111100000000
00000000000000000011111100000000
00000000000000000111111000000000
00000000000000000111111000000000
00000000000000000111111000000000
00000000000000001111110000000000
00000000000000001111110000000000
00000000000000001111110000000000
00000000000000011111100000000000
00000000000000001111100000000000
00000000000000011111000000000000
