00000000000000001000000000000000
00000000000000011000000000000000
00000000000000111000000000000000
00000000000000111000010000000000
00000000000001111100111000000000
00000000000001111001111000000000
00000000000011110011111000000000
00000000000011110011111000000000
00000000000111110001111000000000
00000000000111100001111000000000
00000000000111100001111000000000
00000000000111100001111000000000
00000000001111000001111000000000
00000000011110000011110000000000
00000000011110000011110000000000
00000000111110000011110000000000
00000000111100000111111110000000
00000000111100000111111111000000
00000001111100000111111111000000
00000001111111111111111111000000
00000011111111111111111110000000
00000011111111111111111100000000
00000111111111111111111000000000
00000111111111111111000000000000
00000111111111011111000000000000
00000011110000011111000000000000
00000000000000011111000000000000
00000000000000111110000000000000
00000000000000111110000000000000
00000000000000111100000000000000
00000000000000111100000000000000
00000000000000010000000000000000
