00000000000000111000000000000000
00000000000001111100000000000000
00000000000001111100000000000000
00000000000001111110000000000000
00000000000001111100000000000000
00000000000001111100000000000000
00000000000001111100000000000000
00000000000011111000000000000000
00000000000011111000111000000000
00000000000111111001111100000000
00000000000111111001111100000000
00000000000111110001111100000000
00000000001111100001111100000000
00000000001111100011111100000000
00000000001111100011111000000000
00000000011111000011111000000000
00000000011111000111111000000000
00000000111111000111111000000000
00000000111110000111111000000000
00000001111110000111111110000000
00000001111111111111111111000000
00000011111111111111111111100000
00000011111111111111111111100000
00000011111111111111111111100000
00000011111111111111111111000000
00000011111111111111111110000000
00000001111111011111000000000000
00000000000000111111000000000000
00000000000001111110000000000000
00000000000001111110000000000000
00000000000001111110000000000000
00000000000001111110000000000000
