00000000000000000111100000000000
00000000000000001111100000000000
00000000000000011111110000000000
00000000000000111111100000000000
00000000000000011111100000000000
00000000000000111111000000000000
00000000000000111111000000000000
00000000000000011111100000000000
00000000000000011111100000000000
00000000000000011111100000000000
00000000000000111111000000000000
00000000000000111111000100000000
00000000000000111110001110000000
00000000000001111000011100000000
00000000000011111000011110000000
00000000001111110000111100000000
00000000001111110001111100000000
00000000011111100001111110000000
00000011111111000111111100000000
00000111111111111111111100000000
00001111111111111111111100000000
00011111111111111111111100000000
00011111111111111111111100000000
00111111111111111111111000000000
00011111111111110111111000000000
00011111111000000111110000000000
00000100000000000111110000000000
00000000000000001111110000000000
00000000000000011111110000000000
00000000000000011111110000000000
00000000000000111111100000000000
00000000000000011111000000000000
