00000000000000011100000000000000
00000000000000111100000000000000
00000000000000111100000000000000
00000000000000111100000000000000
00000000000001111100000000000000
00000000000001111000000000000000
00000000000011110000110000000000
00000000000011110001111000000000
00000000000011110001111000000000
00000000000011110001111000000000
00000000000111100001111000000000
00000000000111100001111000000000
00000000000111100001111000000000
00000000001111000011110000000000
00000000011110000011110000000000
00000000011110000011110000000000
00000000111100000011110000000000
00000000111100000011110000000000
00000000111100000011111110000000
00000001111100111111111111000000
00000011111111111111111110000000
00000011111111111111111110000000
00000111111111111111111110000000
00000111111111111111111100000000
00000011111111111111111100000000
00000001111110001111000000000000
00000001000000011111000000000000
00000000000000111110000000000000
00000000000000111110000000000000
00000000000000111110000000000000
00000000000000111110000000000000
00000000000000011100000000000000
