00000000000000000000000000000000
00000000000000001110000000000000
00000000000000001110000000000000
00000000000000001111000000000000
00000000000000011111000000000000
00000000000000011110000000000000
00000000000000111110000000000000
00000000000000111110000000000000
00000000000001111100000000000000
00000000000001111100000000000000
00000000000011111000000000000000
00000000000111100000001111000000
00000000001111100000011111000000
00000000001111100000011111000000
00000000011111000000111111000000
00000000111110000000111110000000
00000001111100000001111110000000
00000001111100000001111100000000
00000001111100000011111100000000
00000011111100011111111110000000
00000001111111111111111111000000
00000001111111111111111111000000
00000001111111111111111110000000
00000000111111001111111000000000
00000000000000001111110000000000
00000000000000001111110000000000
00000000000000001111110000000000
00000000000000001111110000000000
00000000000000001111110000000000
00000000000000001111110000000000
00000000000000001111110000000000
00000000000000000111110000000000
