00000000000000000001110000000000
00000000000000000111100000000000
00000000000000000111110000000000
00000000000000000111110000000000
00000000000000000111110000000000
00000000000000001111100000000000
00000000000000001111100000000000
00000000000000001111100000000000
00000000000000011111100000000000
00000000000000011111100000000000
00000000000000011111100000000000
00000000000000011111000000000000
00000000000000011111000000000000
00000000000000011111000000000000
00000000000000111111000000000000
00000000000001111110111000000000
00000000000001111101111100000000
00000000000001111101111110000000
00000001011111111011111100000000
00000011111111111011111100000000
00000111111111111111111100000000
00000111111111111111111100000000
00011111111111111111111000000000
00001111111111111111111100000000
00001111111111111111111100000000
00001111111111111111111100000000
00000001100111111111111100000000
00000000000000111111111100000000
00000000000000001111111000000000
00000000000000000111111000000000
00000000000000000111110000000000
00000000000000000011100000000000
