00000000000000001111000000000000
00000000000000011111000000000000
00000000000000011111100000000000
00000000000000111111000000000000
00000000000000011111000000000000
00000000000000011111000000000000
00000000000000111110000000000000
00000000000000111110000000000000
00000000000000111110000000000000
00000000000001111100001100000000
00000000000001111110011110000000
00000000000001111100111110000000
00000000000011111001111100000000
00000000000111111001111110000000
00000000000111111001111111000000
00000000001111110011111110000000
00000000001111100011111110000000
00000000111111100011111110000000
00000011111110000111111100000000
00000111111111111111111100000000
00000111111111111111111100000000
00011111111111111111111000000000
00011111111111111111111000000000
00011111111111111111111100000000
00111111111111111111111000000000
00011111111111111111111000000000
00001111101111111111111100000000
00000000000000111111111000000000
00000000000000111111111000000000
00000000000000011111111000000000
00000000000000111111100000000000
00000000000000111111000000000000
