00000000000111110000000000011000
00000000011111110000000001111000
00000000011111110000000011111100
00000000011111110000000011111100
00000000011111100000000111111100
00000000111111000000001111111000
00000001111111000000001111111000
00000001111111000000011111111000
00000001111111000000011111110000
00000001111111000000011111110000
00000011111110000000111111100000
00000011111110000001111111000000
00000011111110000001111111100000
00000001111111000011111111110000
00000011111111111111111111100000
00000011111111111111111111100000
00000001111111111111111111000000
00000000111111111111111000000000
00000000011111111111111000000000
00000000000000111111110000000000
00000000000000111111100000000000
00000000000000111111000000000000
00000000000001111111000000000000
00000000000011111100000000000000
00000000000011111100000000000000
00000000000011111000000000000000
00000000000111111000000000000000
00000000000111111000000000000000
00000000011111100000000000000000
00000000011111100000000000000000
00000000111111000000000000000000
00000000011111000000000000000000
