00000000000011100000000000011000
00000000001111100000000001111000
00000000001111110000000011111100
00000000001111110000000011111100
00000000011111110000000011111110
00000000111111100000001111111000
00000000111111100000001111111000
00000000111111100000001111111000
00000001111111000000111111110000
00000000111111000000111111110000
00000000111111110000111111100000
00000001111111111111111110000000
00000001111111111111111111000000
00000000111111111111111111100000
00000000011111111111111111000000
00000000011111111111111100000000
00000000000111111111111000000000
00000000000000011111110000000000
00000000000000011111100000000000
00000000000000111111100000000000
00000000000000111111100000000000
00000000000000111111100000000000
00000000000011111111000000000000
00000000000011111111000000000000
00000000000011111110000000000000
00000000000111111000000000000000
00000000000111111000000000000000
00000000000111111000000000000000
00000000001111110000000000000000
00000000001111110000000000000000
00000000001111110000000000000000
00000000000111100000000000000000
