00000000000000011111000000000000
00000000000001111110000000000000
00000000000001111111000000010000
00000000000001111110000000111000
00000000000011111110000000111100
00000000000111111000000011111000
00000000001111111000000011111000
00000000001111111000000111111000
00000000011111110000000111110000
00000000111111100000001111110000
00000001111110000000011111100000
00000001111100000111111111000000
00000001111100111111111111000000
00000001111111111111111111000000
00000111111111111111111111000000
00000111111111111111111111000000
00000111111111111111111111000000
00000011111111001111111110000000
00000000111000000111111100000000
00000000000000001111100000000000
00000000000000001111000000000000
00000000000000001111000000000000
00000000000000001111000000000000
00000000000000011110000000000000
00000000000000011110000000000000
00000000000000111110000000000000
00000000000000111100000000000000
00000000000000111100000000000000
00000000000011111000000000000000
00000000000001111000000000000000
00000000000001111000000000000000
00000000000001110000000000000000
