00000000000000110000000000000000
00000000000000111000000000000000
00000000000000111100000000000000
00000000000001111000000000000000
00000000000011111000000000000000
00000000000011111000000000000000
00000000000011111000000000000000
00000000000011110000000000000000
00000000000111110000000000000000
00000000000111110000000000000000
00000000011111000000000000000000
00000000011111000000001000000000
00000000111110000000011100000000
00000001111110000000111111000000
00000001111100000000111110000000
00000011111000000001111100000000
00000011111000000011111100000000
00000011111000000011111100000000
00000011111000000011111110000000
00000011111100000011111111000000
00000011111111111111111111000000
00000011111111111111111111000000
00000011111111111111111100000000
00000011111111111111100000000000
00000000111111111111000000000000
00000000000000111110000000000000
00000000000000111110000000000000
00000000000000111110000000000000
00000000000000111110000000000000
00000000000000111111000000000000
00000000000000111111000000000000
00000000000000011000000000000000
