00000000000000001110000000000000
00000000000000011111000000000000
00000000000000111111100000000000
00000000000001111111000000000000
00000000000011111110000000000000
00000000000111111110000010000000
00000000001111111100000111100000
00000000011111110000001111100000
00000000111111110000011111100000
00000000111111100000001111100000
00000000111111100000011111100000
00000001111111000000111111000000
00000001111111110001111111000000
00000001111111111111111111100000
00000001111111111111111111110000
00000011111111111111111111100000
00000011111111111111111111100000
00000001111111111111111111100000
00000000111111111111111110000000
00000000000010111111111100000000
00000000000000000111111000000000
00000000000000000111111000000000
00000000000000001111110000000000
00000000000000001111110000000000
00000000000000001111100000000000
00000000000000001111100000000000
00000000000000011111000000000000
00000000000000111111100000000000
00000000000000111111100000000000
00000000000000111111000000000000
00000000000000111110000000000000
00000000000000111110000000000000
