00000000000000011110000000000000
00000000000000111110000000000000
00000000000000011111100000000000
00000000000001111111000000000000
00000000000000111110000000000000
00000000000000111110000000000000
00000000000000111110000000000000
00000000000001111100000000000000
00000000000001111100000000000000
00000000000001111100000111000000
00000000000001111100000111100000
00000000000001111000001111100000
00000000000111110000111111000000
00000000000111110000111110000000
00000000000111110001111110000000
00000000001111100001111110000000
00000000111111000001111100000000
00000000111111000001111100000000
00000001111111000011111100000000
00000011111110000011111100000000
00000011111111100111111100000000
00000111111111111111111100000000
00000111111111111111111110000000
00000111111111111111111110000000
00000000001111111111111100000000
00000000000000111111111000000000
00000000000000011111100000000000
00000000000000011111100000000000
00000000000000011111100000000000
00000000000000011111100000000000
00000000000000111111000000000000
00000000000000011111000000000000
