00000000000000000111100000000000
00000000000000001111110000000000
00000000000000011111110000000000
00000000000000111111100000000000
00000000000000111111100000000000
00000000000001111111000000000000
00000000000011111110000000000000
00000000000111111100000000000000
00000000001111111100000000000000
00000000011111111000000000000000
00000000001111111011111100000000
00000000011111110111111110000000
00000000111111110111111110000000
00000001111111100111111100000000
00000001111111000111111100000000
00000001111110000111111100000000
00000011111100001111111000000000
00000011111100001111110000000000
00000011111100011111111110000000
00000111111111111111111111000000
00000111111111111111111111000000
00000011111111111111111111100000
00000011111111111111111111100000
00000000111111111111111111100000
00000000000011111111111000000000
00000000000000011111110000000000
00000000000000011111100000000000
00000000000000011111100000000000
00000000000000011111110000000000
00000000000000011111110000000000
00000000000000011111110000000000
00000000000000001111110000000000
