00000000000000011110000000000000
00000000000000011111000000000000
00000000000000111111000000000000
00000000000011111110000000000000
00000000000011111100000000000000
00000000000011111000000000000000
00000000001111110000000000000000
00000000011111110000000000000000
00000000011111100000000000000000
00000000111111000000000000000000
00000000111111000000000000000000
00000000111111000000000011000000
00000011111110000000001111100000
00000011111100000000001111110000
00000011111100000000011111110000
00000011111000000000111111100000
00000111111000000000111111100000
00000011111000000001111111000000
00000111111000000011111100000000
00000111111111111111111100000000
00000111111111111111111100000000
00000111111111111111111000000000
00000011111111111111111000000000
00000000111111111111111000000000
00000000000000011111100000000000
00000000000000011111100000000000
00000000000000011111100000000000
00000000000000111111000000000000
00000000000000111111000000000000
00000000000000111111000000000000
00000000000001111110000000000000
00000000000001111110000000000000
