00000000000000011110000000000000
00000000000000011111000000000000
00000000000000111111100000000000
00000000000001111111000000000000
00000000000001111111000000000000
00000000000001111110000000000000
00000000000111111100000000000000
00000000000111111000000000110000
00000000000111111000000001111000
00000000011111100000000011110000
00000000011111100000000111111000
00000000011111000000000111111000
00000001111110000000001111110000
00000001111110000000001111110000
00000001111110000000001111110000
00000011111100000000011111000000
00000111111000000000111111000000
00000111111000000000111111000000
00001111110000000001111110000000
00001111111111000001111100000000
00001111111111111111111100000000
00001111111111111111111100000000
00000111111111111111111110000000
00000111111111111111111100000000
00000111111111111111110000000000
00000011111111111111100000000000
00000000000001011111100000000000
00000000000000111111000000000000
00000000000000111111100000000000
00000000000000111111110000000000
00000000000001111111110000000000
00000000000000111111100000000000
