00000000000000000001111100000000
00000000000000000011111110000000
00000000000000000111111111000000
00000000000000011111111110000000
00000000000000111111111110000000
00000000000001111111111110000000
00000000000011111111111110000000
00000000000111111111111100000000
00000000001111111111111100000000
00000000001111111001111110000000
00000000011111110011111110000000
00000000111111100001111110000000
00000011111110000111111000000000
00000111111100000111111000000000
00000111111111111111111000000000
00000111111111111111111100000000
00000111111111111111111110000000
00000111111111111111111111000000
00000011111111111111111111100000
00000011111111111111111111100000
00000001111111111111111111000000
00000000000000001111111000000000
00000000000000001111100000000000
00000000000000001111100000000000
00000000000000001111100000000000
00000000000000001111100000000000
00000000000000000111100000000000
00000000000000000111110000000000
00000000000000000111111000000000
00000000000000000111111000000000
00000000000000001111110000000000
00000000000000000111100000000000
