00000000000000000011100000000000
00000000000000001111000000000000
00000000000000011111000000000000
00000000000000011111000000000000
00000000000000011111000000000000
00000000000000111110000000000000
00000000000001111110000000000000
00000000000011111100000000000000
00000000000111111000000000000000
00000000001111110000000000000000
00000000001111110000000000000000
00000000011111100000001110000000
00000000111111000000001110000000
00000000111111000000011111000000
00000001111110000000011111100000
00000011111000000000111110000000
00000011111000000000111110000000
00000011111100000000111110000000
00000111111000000011111100000000
00000111111100001111111100000000
00000011111111111111111100000000
00000011111111111111111100000000
00000011111111111111110000000000
00000011111111111111110000000000
00000000001111111111110000000000
00000000000000001111100000000000
00000000000000001111100000000000
00000000000000001111100000000000
00000000000000011111000000000000
00000000000000011111000000000000
00000000000000001110000000000000
00000000000000000110000000000000
