00000000000000111100000000000000
00000000000011111100000000000000
00000000000011111100000000000000
00000000000011111100000000000000
00000000000011111100000000000000
00000000000111111000000000000000
00000000000111111000000000000000
00000000000111111000000000000000
00000000001111110011111000000000
00000000011111100111111100000000
00000000011111100011111100000000
00000000111111000111111000000000
00000000111111000111111000000000
00000001111111000111111000000000
00000001111111000111111000000000
00000011111100001111110000000000
00000011111100001111110000000000
00000011111100001111111100000000
00001111111101111111111110000000
00001111111111111111111111000000
00001111111111111111111111000000
00001111111111111111111111000000
00001111111111111111111110000000
00000111111111111111111110000000
00000011111111111111111100000000
00000000100001111111000000000000
00000000000001111111000000000000
00000000000001111111000000000000
00000000000011111110000000000000
00000000000011111110000000000000
00000000000011111110000000000000
00000000000001111100000000000000
