00000000000000000001100000000000
00000000000000000001111000000000
00000000000000000111111111000000
00000000000000000111111111100000
00000000000000011111100111100000
00000000000000011111001111100000
00000000000011111100011111000000
00000000000011111000111110000000
00000000000111110000111110000000
00000000001111100000111100000000
00000000111111000000111100000000
00000000111110000000111100000000
00000000111110000000111100000000
00000011111111111111111000000000
00000011111111111111111111000000
00000011111111111111111111000000
00000001111111111111111111000000
00000001111111111111111111000000
00000000000000000011111000000000
00000000000000000011111000000000
00000000000000000111100000000000
00000000000000000111100000000000
00000000000000000111100000000000
00000000000000000111100000000000
00000000000000000111100000000000
00000000000000000111000000000000
00000000000000000111000000000000
00000000000000001111000000000000
00000000000000001111000000000000
00000000000000000111000000000000
00000000000000000111000000000000
00000000000000000010000000000000
