00000000000000000011110000000000
00000000000000001111100001100000
00000000000000011111100011110000
00000000000001111111000111100000
00000000000011111110001111110000
00000000000111111000011111100000
00000000000111111000011111100000
00000000001111111000011111100000
00000000011111110000111111000000
00000000011111100000111111000000
00000001111110000001111100000000
00000001111110000001111100000000
00000001111111111111111100000000
00000011111111111111111000000000
00000011111111111111111100000000
00000011111111111111111100000000
00000001111111111111111110000000
00000001111111111111111110000000
00000001111111111111111000000000
00000000111111111111110000000000
00000000010111111111000000000000
00000000000000111111000000000000
00000000000000011111100000000000
00000000000000111111000000000000
00000000000000011111000000000000
00000000000000111111000000000000
00000000000000111111100000000000
00000000000000011111100000000000
00000000000000111111100000000000
00000000000000011111110000000000
00000000000000111111100000000000
00000000000000011111100000000000
