00000000000111111110000000000000
00000000011111111111110000000000
00000000111111111111111000000000
00000011111111111111111000000000
00000111111111111111111000000000
00000111111111111111111110000000
00000111111111100000011110000000
00001111111111000000001100000000
00001111111110000000000000000000
00001111111000000000000000000000
00001111111000000000000000000000
00001111111000000000000000000000
00000111111111000000000000000000
00000111111111100000000000000000
00000011111111111100000000000000
00000001111111111110000000000000
00000001111111111110000000000000
00000000111111111110000000000000
00000000011111111111000000000000
00000000000000011111110000000000
00000000000000001111110000000000
00000000000000001111110000000000
00000000000000001111110000000000
00000000000000001111110000000000
00000000000000011111110000000000
00000000000000111111100000000000
00000000000011111111100000000000
00000000011111111111100000000000
00000000011111111111100000000000
00000000111111111110000000000000
00000000111111111100000000000000
00000000011111111000000000000000
