00000000001111111111100000000000
00000000001111111111110000000000
00000000011111111111110000000000
00000000011111111111111000000000
00000000011111111111111000000000
00000000111111111111111000000000
00000000111111110001111000000000
00000000111111000000000000000000
00000001111110000000000000000000
00000000111111000000000000000000
00000001111110000000000000000000
00000001111110000000000000000000
00000000111111111000000000000000
00000001111111111100000000000000
00000001111111111110000000000000
00000000111111111111000000000000
00000000111111111111100000000000
00000000111111111111100000000000
00000000001111111111110000000000
00000000000110000111110000000000
00000000000000000111110000000000
00000000000000000011111000000000
00000000000000000011111000000000
00000000000000000111111000000000
00000000000010000111111100000000
00000000000111001111111000000000
00000000001111111111111000000000
00000000001111111111111000000000
00000000001111111111110000000000
00000000011111111111100000000000
00000000000111111111100000000000
00000000000111111110000000000000
