00000000000000000000000000000000
00000000000000011110000000000000
00000000001111111110000000000000
00000000001111111110000000000000
00000000111111111110000000000000
00000000111111111111111000000000
00000000111111111111111100000000
00000001111111100001111000000000
00000001111111000000000000000000
00000001111111000000000000000000
00000000111110000000000000000000
00000001111100000000000000000000
00000011111111110000000000000000
00000011111111110000000000000000
00000001111111111110000000000000
00000001111111111111000000000000
00000001111111111111000000000000
00000001111111111111000000000000
00000001111111111111000000000000
00000000111110111111100000000000
00000000000000000111100000000000
00000000000000000111100000000000
00000000000000000111100000000000
00000000001000000111110000000000
00000000011100001111110000000000
00000000011110011111110000000000
00000000111111111111100000000000
00000000011111111111100000000000
00000000011111111111000000000000
00000000001111111110000000000000
00000000001111111100000000000000
00000000000111110000000000000000
