00000000000001111111110000000000
00000000111111111111111100000000
00000001111111111111111110000000
00000001111111111111111110000000
00000011111111111111111110000000
00000011111111111111111110000000
00000001111111111101111111000000
00000001111111100000000010000000
00000001111111000000000000000000
00000001111100000000000000000000
00000001111100000000000000000000
00000001111100000000000000000000
00000001111100000000000000000000
00000000011110000000000000000000
00000000011111000000000000000000
00000000011111000000000000000000
00000000001111000000000000000000
00000000011111000000000000000000
00000000011111000000000000000000
00000000011111000000000000000000
00000000000111110000000000000000
00000000000111110000000000000000
00000000000111110000000000000000
00000000001111110000000000000000
00000000001111110000000000000000
00000000001111100000000000000000
00000001111111100000000000000000
00000001111111110000000000000000
00000001111111110000000000000000
00000001111111100000000000000000
00000000111111000000000000000000
00000000111110000000000000000000
