00000000000000001100100000000000
00000000000000111111110000000000
00000000000011111111111000000000
00000000011111111111111000000000
00000000111111111111111000000000
00000000111111111111111000000000
00000001111111100001110000000000
00000011111000000000000000000000
00000011110000000000000000000000
00000011110000000000000000000000
00000001111111111110000000000000
00000001111111111111100000000000
00000001111111111111111000000000
00000001111110111111111100000000
00000001111101111111111100000000
00000001111111111111111110000000
00000001111111100011111111000000
00000001111110000001111111000000
00000000000000000000011111000000
00000000000000000000011111000000
00000000000000000000011111000000
00000000000000000000001111000000
00000000000000000000001111000000
00000000000000000000000111100000
00000000000000000000001111100000
00000000000000000000011111100000
00000000000001111111111111000000
00000000000011111111111110000000
00000000000011111111111100000000
00000000000011111111111000000000
00000000000011111111110000000000
00000000000000111100000000000000
