00000000000111111111100000000000
00000000011111111111111100000000
00000000111111111111111110000000
00000000011111111111111111100000
00000000111111111111111111100000
00000000111111111111111111100000
00000001111111111000000011000000
00000001111111000000000000000000
00000001111110000000000000000000
00000011111100000000000000000000
00000011111100000000000000000000
00000011111111100000000000000000
00000111111111111000000000000000
00000111111111111110000000000000
00000111111111111111000000000000
00000111111111111111100000000000
00000011111111111111110000000000
00000000111111111111110000000000
00000000000000111111110000000000
00000000000000001111111000000000
00000000000000000111111000000000
00000000000000000111111000000000
00000000000000000111111000000000
00000000010000000111111000000000
00000000111000001111110000000000
00000000111111111111110000000000
00000000111111111111100000000000
00000000111111111111100000000000
00000000111111111111000000000000
00000000111111111110000000000000
00000000011111111100000000000000
00000000001111110000000000000000
