00000000001000111111111100000000
00000000011111111111111110000000
00000000011111111111111111100000
00000000011111111111111111110000
00000000111111111111111111110000
00000000111111111000000111110000
00000000111111100000000011100000
00000000111110000000000000000000
00000000111110000000000000000000
00000000111110010000000000000000
00000011111011111100000000000000
00000011111111111111000000000000
00000011111111111111110000000000
00000011111111111111111000000000
00000111111111111111111000000000
00000111111111111111111000000000
00000011111100000011111000000000
00000011110000000001111100000000
00000001100000000001111100000000
00000000000000000001111100000000
00000000000000000001111100000000
00000000000000000001111100000000
00000000000000000011111100000000
00000000000000000111110000000000
00000000000000000111110000000000
00000000000000000111110000000000
00000000001110001111110000000000
00000000011111011111100000000000
00000000011111111111100000000000
00000000011111111111000000000000
00000000001111111110000000000000
00000000000011111110000000000000
