00000000000000111111111110000000
00000000001111111111111111000000
00000000011111111111111111000000
00000000001111111111111111000000
00000000011111111111111110000000
00000000011111111111100000000000
00000000111111100000000000000000
00000000111111000000000000000000
00000000111110000000000000000000
00000001111110000000000000000000
00000001111111110000000000000000
00000001111111111110000000000000
00000011111111111111000000000000
00000011111111111111000000000000
00000111111111111111100000000000
00000111111111111111100000000000
00000011111000001111110000000000
00000001100000000111110000000000
00000000000000000011110000000000
00000000000000000011110000000000
00000000000000000011110000000000
00000000000000000011110000000000
00000000000000000111110000000000
00000000000000000111110000000000
00000000011000001111110000000000
00000000111100001111100000000000
00000000111100011111100000000000
00000000111111111111000000000000
00000000011111111111000000000000
00000000011111111111000000000000
00000000001111111111000000000000
00000000000111111100000000000000
