00000000000011111111110000000000
00000000000111111111111000000000
00000000001111111111111000000000
00000000011111111111111000000000
00000000111111111111111000000000
00000000011111111111111000000000
00000000111111111111110000000000
00000000111111111100000000000000
00000000011111110000000000000000
00000000011111100000000000000000
00000000001111100000000000000000
00000000000111100000000000000000
00000000000111100000000000000000
00000000000111110000000000000000
00000000000111110000000000000000
00000000000011111000000000000000
00000000000011111000000000000000
00000000000001111000000000000000
00000000000000111110000000000000
00000000000000111110000000000000
00000000000001111110000000000000
00000000000001111110000000000000
00000000000001111111000000000000
00000000010111111111000000000000
00000000111111111110000000000000
00000000111111111111000000000000
00000000111111111110000000000000
00000000111111111110000000000000
00000000001111111110000000000000
00000000001111111100000000000000
00000000001111111000000000000000
00000000000111110000000000000000
