00000000000000000000001000000000
00000000000000000111111111000000
00000000001111111111111111110000
00000000011111111111111111110000
00000000011111111111111111100000
00000000011111111110000001000000
00000000011111100000000000000000
00000000011110000000000000000000
00000000111000000000000000000000
00000001111000000000000000000000
00000001111000000000000000000000
00000001111000001111000000000000
00000001111111111111110000000000
00000001111111111111111100000000
00000011111111111111111100000000
00000001111111111111111100000000
00000001111110000000111110000000
00000000111000000000111111000000
00000000000000000000011111000000
00000000000000000000011110000000
00000000000000000000011110000000
00000000000000000000011110000000
00000000000000000000011110000000
00000000000000000000011110000000
00000011110000000000111110000000
00000111110000000001111000000000
00000011111000000001111000000000
00000000111110001111110000000000
00000000111111111111110000000000
00000000001111111111000000000000
00000000001111111100000000000000
00000000000001000000000000000000
