00000000001000000000100000000000
00000001111111111111111100000000
00000001111111111111111100000000
00000001111111111111111111000000
00000001111111111111111111000000
00000001111111110100001110000000
00000001111100000000000100000000
00000000111100000000000000000000
00000001111100000000000000000000
00000000111100000000000000000000
00000001111000000000000000000000
00000001111000111110000000000000
00000001111111111111100000000000
00000001111111111111110000000000
00000001111111111111111000000000
00000001111111101111111000000000
00000000111000000001111100000000
00000000010000000001111100000000
00000000000000000000111110000000
00000000000000000000011110000000
00000000000000000000011110000000
00000000000000000000011110000000
00000000000000000000011110000000
00000000000000000000011111000000
00000000000000000000011111000000
00000000000000000000111110000000
00000000110000000011111110000000
00000001111111111111111110000000
00000011111111111111111100000000
00000001111111111111111000000000
00000000011111111111111000000000
00000000001111111111000000000000
