00000000000001111111111000000000
00000000000111111111111110000000
00000000011111111111111110000000
00000000011111111111111110000000
00000000111111111111111100000000
00000000111111111100000000000000
00000000011100000000000000000000
00000000111100000000000000000000
00000000111100000000000000000000
00000000111110000000000000000000
00000000111111000001100000000000
00000000111111000111100000000000
00000000111111001111110000000000
00000001111111111111110000000000
00000001111111111111111000000000
00000001111111111111111000000000
00000011111111111111111000000000
00000001111111111111111000000000
00000011111111100001111100000000
00000011111111000001111100000000
00000000111100000001111100000000
00000000000000000001111100000000
00000000000000000011111100000000
00000000000000000011111110000000
00000000000000000011111100000000
00000000000000000011111100000000
00000000111111111111111000000000
00000000111111111111111000000000
00000000111111111111110000000000
00000000011111111111110000000000
00000000000011111110000000000000
00000000000000100000000000000000
