00000000000000111111110000000000
00000000000011111111111100000000
00000000011111111111111000000000
00000000001111111111111110000000
00000000011111111111111110000000
00000000111111111111111110000000
00000000111111111000001100000000
00000000111111000000000000000000
00000000111110000000000000000000
00000000111100000000000000000000
00000000111100000000000000000000
00000001111111110000000000000000
00000001111111111000000000000000
00000001111111111000000000000000
00000001111111111000000000000000
00000001111111111100000000000000
00000001111111111110000000000000
00000001111111111110000000000000
00000000000000111110000000000000
00000000000000111110000000000000
00000000000000111110000000000000
00000000000000011111000000000000
00000000000000011111000000000000
00000000000000111111000000000000
00000000110000111111000000000000
00000000111011111110000000000000
00000001111111111100000000000000
00000001111111111100000000000000
00000001111111111100000000000000
00000000011111111000000000000000
00000000001111110000000000000000
00000000000100000000000000000000
