00000000000111111100000000000000
00000000001111111111000000000000
00000000111111111111110000000000
00000000111111111111111000000000
00000000111111111111111100000000
00000000111111111111111100000000
00000000111110000000000000000000
00000000011110000000000000000000
00000000001111000000000000000000
00000000011111000000000000000000
00000000011110000000000000000000
00000000111110010000000000000000
00000000111111111000000000000000
00000000111111111100000000000000
00000000111111111110000000000000
00000000111111111110000000000000
00000000111111111111000000000000
00000000111111101111000000000000
00000000111111001111000000000000
00000000011111000111100000000000
00000000000000000011100000000000
00000000000000000011100000000000
00000000000000000011100000000000
00000000000000000011110000000000
00000000000000000111110000000000
00000000000000000011110000000000
00000000000000000011110000000000
00000000011011011111100000000000
00000000111111111111100000000000
00000000111111111111100000000000
00000000011111111111100000000000
00000000000111111110000000000000
