00000000000000001111111110000000
00000000111001111111111110000000
00000001111111111111111110000000
00000001111111111111111110000000
00000001111111111111111100000000
00000001111111111111111000000000
00000000111111101001100000000000
00000001111110000000000000000000
00000001111100000000000000000000
00000011111111100000000000000000
00000011111111110000000000000000
00000011111111111000000000000000
00000111111111111100000000000000
00000111111111111110000000000000
00000111111111111111000000000000
00000011111111111111000000000000
00000001111000001111100000000000
00000000010000001111100000000000
00000000000000001111100000000000
00000000000000001111100000000000
00000000000000000111110000000000
00000000000000000111110000000000
00000000000000000111110000000000
00000000000000000111110000000000
00000000000000001111110000000000
00000000000000001111100000000000
00000000100000111111100000000000
00000000111000111111100000000000
00000000111111111111100000000000
00000001111111111111000000000000
00000000111111111110000000000000
00000000011111111100000000000000
