00000000000000000010001000000000
00000000111111111111111110000000
00000001111111111111111110000000
00000000111111111111111111000000
00000000111111111111001110000000
00000001111111000000000000000000
00000001111000000000000000000000
00000001111000000000000000000000
00000001111000000000000000000000
00000001110000000000000000000000
00000001110001010000000000000000
00000011111111111100000000000000
00000011111111111110000000000000
00000011111111111111000000000000
00000001111111111111110000000000
00000001111100001111110000000000
00000001100000000011111000000000
00000000000000000001111000000000
00000000000000000001111100000000
00000000000000000001111100000000
00000000000000000001111100000000
00000000000000000001111100000000
00000000000000000000111100000000
00000000000000000000111100000000
00000000000000000000111100000000
00000000000000000001111100000000
00000000000000000011111000000000
00000000111111011111111000000000
00000001111111111111110000000000
00000001111111111111100000000000
00000000011111111111000000000000
00000000011111111100000000000000
