00000000001011111110110000000000
00000000111111111111111110000000
00000000111111111111111110000000
00000000111111111111011111000000
00000000111111111000001110000000
00000000011111100000000000000000
00000000001111100000000000000000
00000000001111111110000000000000
00000000001111111111000000000000
00000000001111111111110000000000
00000000001111111111110000000000
00000000000000000111111000000000
00000000000000000001111100000000
00000000000000000000011100000000
00000000000000000000001110000000
00000000000000000000001110000000
00000000000000000000001110000000
00000000000000000000000111000000
00000000000000000000000111000000
00000000000000000000000111000000
00000000000000000000000111000000
00000000000000000000000111000000
00000000100000000000000111000000
00000001110000000000001111000000
00000011110000000000001111000000
00000011110000000000011110000000
00000011110000000000111110000000
00000001011111001111111100000000
00000001011111111111111100000000
00000000111111111111110000000000
00000000011111111111100000000000
00000000000000111100000000000000
