00000000001100000000001000000000
00000000011111100111111111000000
00000000111111111111111111000000
00000001111111111111111110000000
00000011111111111111111110000000
00000011111111111111111100000000
00000011111110000000000000000000
00000011111100000000000000000000
00000001111100000000000000000000
00000001111100000000000000000000
00000001111100000000000000000000
00000001111100000000000000000000
00000001111111111100000000000000
00000001111111111111000000000000
00000001111111111111110000000000
00000001111111111111111100000000
00000001111111111111111100000000
00000001111111111111111110000000
00000000111000000001111110000000
00000000000000000000111111000000
00000000000000000000011111000000
00000000000000000000011111000000
00000000000000000000011111000000
00000000000000000000011111000000
00000000000000000000011111000000
00000000000000000000111111000000
00000000000000011111111110000000
00000000000111111111111110000000
00000000011111111111111100000000
00000000111111111111110000000000
00000001111111111111000000000000
00000001111000000000000000000000
