00000000000000001111111111100000
00000000000111111111111111100000
00000000001111111111111111100000
00000000011111111111111111000000
00000000011111111111111000000000
00000000001111111111100000000000
00000000000001111111000000000000
00000000000011111000000000000000
00000000000011110000000000000000
00000000000011110000000000000000
00000000000011110000000000000000
00000000000111000000000000000000
00000000001111111100000000000000
00000000001111111111000000000000
00000000000111111111110000000000
00000000001111111111110000000000
00000000000111111111111000000000
00000000000000111111111100000000
00000000000000000111111100000000
00000000000000000001111100000000
00000000000000000000111110000000
00000000000000000000111110000000
00000000000000000000111100000000
00000000000000000000111100000000
00000000000000000000011100000000
00000000000000000000111100000000
00000000000100000001111000000000
00000000001100000011111000000000
00000000001111111111110000000000
00000000001111111111110000000000
00000000011111111111000000000000
00000000011111111100000000000000
