00000000000000111110000000000000
00000000000000111111100000000000
00000000000011111111100000000000
00000000011111111111100000000000
00000000011111111111100000000000
00000000011111111111110000000000
00000000111111111111100000000000
00000000111111100011000000000000
00000000111111100001000000000000
00000000111111110000000000000000
00000001111111110000000000000000
00000000111111110000000000000000
00000000111111111000000000000000
00000001111111111000000000000000
00000001111111111000001000000000
00000001111111111100000110000000
00000001111111111100000111000000
00000001111111110011111111000000
00000000111111100000001111100000
00000000111100000000000111100000
00000001111100000000000111100000
00000001111100000000001111100000
00000000111110000000000111110000
00000000111110000000001111100000
00000000011110000000001111100000
00000000011111100000000111100000
00000000011111100000111111000000
00000000001111111111111111000000
00000000000111111111111111100000
00000000000011111111111100000000
00000000000000111111110000000000
00000000000000000100000000000000
