00000000000000001111000000000000
00000000000000011111000000000000
00000000000001111111100000000000
00000000000011111111100000000000
00000000000111111111100000000000
00000000001111111111000000000000
00000000001111111000000000000000
00000000011111110000000000000000
00000000011111110000000000000000
00000000111111000000000000000000
00000000011111000000000000000000
00000000011111000000000000000000
00000000011111100000000000000000
00000000111111111000000000000000
00000000111111111110000000000000
00000000111111111111100000000000
00000000111111111111110000000000
00000001111111111111110000000000
00000000111111000011111000000000
00000000111110000011111000000000
00000000111110000001111000000000
00000000111110000000111100000000
00000000111110000000111100000000
00000000011111000000111110000000
00000000011111000000111100000000
00000000011111000000111100000000
00000000000111100001111100000000
00000000000111110011111100000000
00000000000111111111111000000000
00000000000001111111110000000000
00000000000001111111110000000000
00000000000000001111000000000000
