00000000000000100000000000000000
00000000000001011100000000000000
00000000000011111100000000000000
00000000000111111100000000000000
00000000000101111000000000000000
00000000000111111000000000000000
00000000001111110000000000000000
00000000011111000000000000000000
00000000010111000000000000000000
00000000101111000000000000000000
00000000111110000000000000000000
00000000111110000000000000000000
00000000011110000000000000000000
00000000111000000000000000000000
00000001111000000000000000000000
00000000111100000000000000000000
00000000111000000000000000000000
00000001111000000000000000000000
00000000111000000000000000000000
00000000111000001111111000000000
00000000111000011111111110000000
00000001110001111111111111000000
00000000111001111111111111100000
00000000111011111100001111110000
00000000111111111000000011110000
00000000011111110000000001111000
00000000011111100000000011111000
00000000001111111111111111111000
00000000000111111111111111111000
00000000000011111111111111100000
00000000000011111111111111000000
00000000000000011111000000000000
