00000000000000011100000000000000
00000000000001111110000000000000
00000000000001111111000000000000
00000000000111111111000000000000
00000000000111111111100000000000
00000000000111111110000000000000
00000000011111110000000000000000
00000000001111111000000000000000
00000000011111110000000000000000
00000000111111100000000000000000
00000000111111100000000000000000
00000000111111000000000000000000
00000000011111000000000000000000
00000000111111000000000000000000
00000001111110000000000000000000
00000000111111000000000000000000
00000000111110000000000000000000
00000000111110000000000000000000
00000000011111000000010000000000
00000000111110111111111110000000
00000000111111111111111111000000
00000000111111111111111111100000
00000000111111111111111111110000
00000000011111111111111111111000
00000000011111111111000111111000
00000000011111110000000111111000
00000000001111111000001111111100
00000000001111111111111111111100
00000000000111111111111111111000
00000000000001111111111111111000
00000000000000111111111111110000
00000000000000000011111110000000
