00000000000000001000000000000000
00000000000001111110000000000000
00000000000001111111000000000000
00000000000011111111000000000000
00000000000011111111100000000000
00000000000111111100000000000000
00000000000111111000000000000000
00000000001111110000000000000000
00000000011111000000000000000000
00000000001111100000000000000000
00000000011110000000000000000000
00000000011111000000000000000000
00000000011110000000000000000000
00000000011111000000000000000000
00000000011110000000000000000000
00000000011110000000000000000000
00000000011110000000000000000000
00000000111100000000000000000000
00000000011110000000000000000000
00000000111100000111111110000000
00000000011110001111111111000000
00000000011110011111111111100000
00000000001111011111111111110000
00000000011111111111100011110000
00000000001111111110000000111000
00000000001111111100000000111000
00000000001111111000000001111000
00000000000111111000000011111100
00000000000011111111111111110000
00000000000001111111111111111000
00000000000000011111111111000000
00000000000000000111111111100000
