00000000000000001100000000000000
00000000000000111100000000000000
00000000000001111111000000000000
00000000000011111111000000000000
00000000000011111111000000000000
00000000001111111000000000000000
00000000000111111000000000000000
00000000001111110000000000000000
00000000011111100000000000000000
00000000001111100000000000000000
00000000011111000000000000000000
00000000001111100000000000000000
00000000011110000000000000000000
00000000011111000000000000000000
00000000011110000000000000000000
00000000011111111111000000000000
00000000011111111111100000000000
00000000111111111111110000000000
00000000011111111111111100000000
00000000011111111110111110000000
00000000011111111000001110000000
00000000111111100000001110000000
00000000011111110000000111000000
00000000011111100000000111000000
00000000001111110000000111000000
00000000001111010000001111000000
00000000000111000000111110000000
00000000000011100001111110000000
00000000000011111111111100000000
00000000000001111111111100000000
00000000000000111111110000000000
00000000000000000111000000000000
