00000000000001111000000000000000
00000000000001111100000000000000
00000000000111111000000000000000
00000000000011111100000000000000
00000000000011111100000000000000
00000000000111111000000000000000
00000000001111110000000000000000
00000000011111100000000000000000
00000000011111000000000000000000
00000000011111000000000000000000
00000000111111000000000000000000
00000001111110000000000000000000
00000000111110000000000000000000
00000000111110000000000000000000
00000000111110111111000000000000
00000000111111111111111000000000
00000001111111111111111100000000
00000011111111111111111110000000
00000011111111111111111110000000
00000011111111110000011110000000
00000011111111100000001110000000
00000001111111110000000111100000
00000001111000000000000011000000
00000001111000000000000111100000
00000001111100000000001111100000
00000001111110000000011111000000
00000001111111000000011111000000
00000000011111100001111111000000
00000000011111111111111111000000
00000000000111111111111100000000
00000000000011111111111110000000
00000000000000011111110000000000
