00000000000001111100000000000000
00000000000011111110000000000000
00000000000001111111000000000000
00000000000111111111000000000000
00000000000111111111000000000000
00000000001111111110000000000000
00000000000111111000000000000000
00000000001111110000000000000000
00000000011111100000000000000000
00000000011111000000000000000000
00000000011111000000000000000000
00000000011111000000000000000000
00000000111111001111100000000000
00000000011111011111111000000000
00000000111110111111111100000000
00000000011110011111111110000000
00000000111110011111111111000000
00000001111110111111011111100000
00000000111110011110000111110000
00000000111110111110000011110000
00000000011111011110000001111000
00000000111110011110000001111000
00000000011111000111000001111000
00000000011111000010000001111000
00000000001111000000000011111100
00000000001111000000000111111000
00000000011111000000001111111000
00000000000111110000001111111000
00000000000111111111111111110000
00000000000001111111111111110000
00000000000001111111111111000000
00000000000000011111111110000000
