00000000000010000000000000000000
00000000000011000000000000000000
00000000000111100000000000000000
00000000000111100000000000000000
00000000001111100000000000000000
00000000001111000000000000000000
00000000011111000000000000000000
00000000111110000000000000000000
00000000111100000000000000000000
00000001111100000000000000000000
00000000111100000000000000000000
00000000111100000000000000000000
00000001111000000000000000000000
00000001111000000000000000000000
00000001111000000000000000000000
00000001110000000000000000000000
00000001110000000000000000000000
00000011110000000000000000000000
00000011110000011111100000000000
00000011110000111111110000000000
00000011110001111111111100000000
00000011110001111111111100000000
00000011111001111111111110000000
00000000111111111111111111100000
00000000111111111100011111100000
00000000111111111000001111100000
00000000011111111000011111100000
00000000011111111110111111100000
00000000001111111111111111100000
00000000000111111111111111000000
00000000000011111111111110000000
00000000000000111111110000000000
