00000000000000011100000000000000
00000000000000111110000000000000
00000000000001111111000000000000
00000000000001111111100000000000
00000000000011111111100000000000
00000000000011111110000000000000
00000000000111110000000000000000
00000000001111100000000000000000
00000000000111100000000000000000
00000000001111000000000000000000
00000000001111100000000000000000
00000000011111000000000000000000
00000000111110000000000000000000
00000000011110000000000000000000
00000000011110000000000000000000
00000000011111000000000000000000
00000000111111111000000000000000
00000000111111111110000000000000
00000000011111111111100000000000
00000000011111111111110000000000
00000000011111111111111100000000
00000000011111101011111100000000
00000000111110000000111100000000
00000000011111000000011110000000
00000000011110000000011110000000
00000000000111100000001111000000
00000000000111110000001111000000
00000000000011111100111111000000
00000000000001111111111111000000
00000000000001111111111110000000
00000000000000011111111110000000
00000000000000011111111100000000
