00000000000001100000000000000000
00000000000011100000000000000000
00000000000111110000000000000000
00000000001111111000000000000000
00000000011111110000000000000000
00000000011111100000000000000000
00000000011111100000000000000000
00000000111111000000000000000000
00000001111100000000000000000000
00000000111110000000000000000000
00000001111100000000000000000000
00000001111100000000000000000000
00000000111110000000000000000000
00000000111100000000000000000000
00000001111000000000000000000000
00000001111000000001111100000000
00000001111000000011111100000000
00000011111000011111111110000000
00000001111100011111111111100000
00000001111111111111111111100000
00000001111111111111100111100000
00000000111111111111000011110000
00000000111111111100000111110000
00000000111111111000001111110000
00000000011111111001111111110000
00000000011111111111111111100000
00000000011111111111111111000000
00000000000111111111111111000000
00000000000111111111111100000000
00000000000111111111111000000000
00000000000000111111111100000000
00000000000000111111110000000000
