00000000000001111000000000000000
00000000000001111100000000000000
00000000000111111111000000000000
00000000000111111111100000000000
00000000000111111100000000000000
00000000001111110000000000000000
00000000011111000000000000000000
00000000001111100000000000000000
00000000011111000000000000000000
00000000011111000000000000000000
00000000011111000000000000000000
00000000011111000000000000000000
00000000111110000000000000000000
00000000111110000000000000000000
00000000111110000000000000000000
00000000111110000000000000000000
00000000111110000111100000000000
00000000111110111111110000000000
00000000111111111111111111000000
00000000111111111111111111000000
00000001111111111111111111100000
00000001111111110000000111100000
00000000111111000000000011110000
00000000111111000000000011110000
00000000111111000000000111110000
00000000111111000000011111110000
00000000011111100000111111111000
00000000001111111111111111100000
00000000001111111111111111100000
00000000000111111111111100000000
00000000000001111111111100000000
00000000000000001111000000000000
