00000000000011000000000000000000
00000000000011100000000000000000
00000000000011110000000000000000
00000000000111111000000000000000
00000000000111110000000000000000
00000000001111100000000000000000
00000000000111110000000000000000
00000000011111100000000000000000
00000000011111000000000000000000
00000000011111000000000000000000
00000000011111000000000000000000
00000000011110000000000000000000
00000000011111000000000000000000
00000000111110000000000000000000
00000000111110000000000000000000
00000000011110000000000000000000
00000000111100000000000000000000
00000001111100000000000000000000
00000000111110000000000000000000
00000000111101111111111110000000
00000000111111111111111110000000
00000000011111111111111111100000
00000000011111111110001111110000
00000000111111100000000011110000
00000000011111100000000001111000
00000000001111000000000011111000
00000000001111000000000111111000
00000000000111110000011111111000
00000000000111111111111111110000
00000000000011111111111111000000
00000000000000111111111111100000
00000000000000001111110000000000
