00000000000000011100000000000000
00000000000000001111000000000000
00000000000000111111000000000000
00000000000000111111000000000000
00000000000001111110000000000000
00000000000001111110000000000000
00000000000011111110000000000000
00000000000011111100000000000000
00000000000011111000000000000000
00000000000011111000000000000000
00000000000011111100000000000000
00000000000111111000000000000000
00000000000111110000000000000000
00000000001111110000000000000000
00000000000111111000000000000000
00000000000111110000000000000000
00000000001111111000000000000000
00000000001111111110000000000000
00000000111111111111100000000000
00000000111111111111111000000000
00000000111111111111111110000000
00000000111111111111111110000000
00000000111111111001111111000000
00000000111111111100011111100000
00000000011111111100001111110000
00000000001111111100011111110000
00000000000111111110011111100000
00000000000111111111111111100000
00000000000000111111111111110000
00000000000000111111111111100000
00000000000000011111111111100000
00000000000000000111111110000000
