00000000000011100000000000000000
00000000000111110000000000000000
00000000001111111000000000000000
00000000001111111000000000000000
00000000011111110000000000000000
00000000111111100000000000000000
00000000111111000000000000000000
00000001111110000000000000000000
00000011111110000000000000000000
00000011111110000000000000000000
00000011111100000000000000000000
00000011111100000000000000000000
00000011111100000000000000000000
00000011111000000000000000000000
00000111111000000000110000000000
00000111111000011111111100000000
00000011111100111111111110000000
00000011111101111111111111000000
00000011111111111111111111100000
00000011111111111111011111100000
00000011111111111000000111100000
00000011111111100000000111100000
00000001111111100000000111100000
00000001111111100000000111100000
00000001111111100000000111100000
00000000111111110000001111100000
00000000111111111000001111100000
00000000111111111100011111000000
00000000011111111111111111000000
00000000001111111111111110000000
00000000000001111111111110000000
00000000000000011111111100000000
