00000000000011111110000000000000
00000000000111111111000000000000
00000000001111111111100000000000
00000000011111111111100000000000
00000000111111111111100000000000
00000000111111100011100000000000
00000000111111000001000000000000
00000001111110000000000000000000
00000001111100000000000000000000
00000011111000000000000000000000
00000001111100000000000000000000
00000011111100000000000000000000
00000011111100000000000000000000
00000011111100000000000000000000
00000011111100000000000000000000
00000011111000000000000000000000
00000111111000000000000000000000
00000011111000001110000000000000
00000011111000111111100000000000
00000011111001111111111000000000
00000011111011111111111110000000
00000011111111111111111111000000
00000001111111111111111111100000
00000000111111111100001111110000
00000000011111110000000111110000
00000000011111100000000111110000
00000000001111110000001111110000
00000000011111111000001111110000
00000000011111111111111111110000
00000000001111111111111111100000
00000000000001111111111110000000
00000000000000011111111100000000
