00000000001111111000000000000000
00000000011111111100000000000000
00000000111111111100000000000000
00000000011111111111000000000000
00000000111111111111000000000000
00000001111111000010000000000000
00000001111110000000000000000000
00000001111100000000000000000000
00000011111100000000000000000000
00000111111000000000000000000000
00000111111000000000000000000000
00000111111000000000000000000000
00000011111000000000000000000000
00000011111000000000000000000000
00000011111000000000000000000000
00000111111000000000000000000000
00000111111000000111000000000000
00000011111000111111100000000000
00000011111011111111111000000000
00000011111111111111111100000000
00000011111111111111111110000000
00000001111111111111111111000000
00000001111111110000001111100000
00000001111111100000000111110000
00000001111111000000000111110000
00000001111111100000000111110000
00000001111111100000000111110000
00000001111111111000001111110000
00000001111111111111111111100000
00000000111111111111111111000000
00000000001111111111111111100000
00000000000001111111111111000000
