00000000000000010000000000000000
00000000000000111000000000000000
00000000000111111000000000000000
00000000000011111100000000000000
00000000000011111000000000000000
00000000000111110000000000000000
00000000001111100000000000000000
00000000001111100000000000000000
00000000001111100000000000000000
00000000011111000000000000000000
00000000011110000000000000000000
00000000111110000000000000000000
00000000111100000000000000000000
00000001111100000000000000000000
00000000111100000000000000000000
00000000111000001111100000000000
00000001111001111111111000000000
00000001111111111111111000000000
00000001111111111111111100000000
00000001111101111111111110000000
00000000111101111000011111000000
00000001111001100000001111100000
00000001111000000000000111100000
00000000111100000000000011100000
00000001111100000000000011100000
00000000111110000000000001110000
00000000011111000000000011110000
00000000001111110000000111110000
00000000001111111111111111110000
00000000000111111111111111100000
00000000000000111111111111100000
00000000000000000111111100000000
