00000000000000011000000000000000
00000000000000111110000000000000
00000000000000111110000000000000
00000000000001111111000000000000
00000000000011111111000000000000
00000000000011111110000000000000
00000000000111111100000000000000
00000000001111111110000000000000
00000000011111110000000000000000
00000000011111111000000000000000
00000000011111100000000000000000
00000000001111110000000000000000
00000000111111000000000000000000
00000000011111000000000000000000
00000001111111111000000000000000
00000000111111111111000000000000
00000001111111111111100000000000
00000001111111111111111000000000
00000000111111111111111100000000
00000000111111111000111110000000
00000000111111111000001111000000
00000000111111000000001111100000
00000000011111000000000011110000
00000000011110000000000011110000
00000000001111100000000001111000
00000000001111100000000001111000
00000000000111111000000000111100
00000000000011111100000001111100
00000000000001111111111111111110
00000000000000111111111111111100
00000000000000001111111111111100
00000000000000000111111111110000
