00000000000000011100000000000000
00000000000000111110000000000000
00000000000000111111000000000000
00000000000011111111000000000000
00000000000011111111100000000000
00000000000111111111100000000000
00000000001111111111100000000000
00000000001111111111100000000000
00000000011111011110000000000000
00000000111111111000000000000000
00000000111111111100000000000000
00000000111111111000000000000000
00000000111111110000000000000000
00000000111111110000000000000000
00000001111111000000000000000000
00000000111111100000000000000000
00000001111111101111111100000000
00000001111111111111111110000000
00000000111111111111111111000000
00000001111111111111111111100000
00000001111111111111111111100000
00000000111111111111111111110000
00000000111111111111111111110000
00000000001111111111111111111000
00000000011111111110011111110000
00000000011111111100011111110000
00000000000111111111111111111000
00000000000111111111111111110000
00000000000011111111111111100000
00000000000000111111111111100000
00000000000000011111111000000000
00000000000000000000100000000000
