00000000000011100000000000000000
00000000000111110000000000000000
00000000000111110000000000000000
00000000001111110000000000000000
00000000011111100000000000000000
00000000001111100000000000000000
00000000011111000000000000000000
00000000011110000000000000000000
00000000111110000000000000000000
00000000111110000000000000000000
00000000111110000000000000000000
00000000111100000000000000000000
00000000111100000000000000000000
00000001111100000000000000000000
00000001111100011110000000000000
00000001111101111111000000000000
00000001111111111111110000000000
00000001111111111111110000000000
00000001111111111111111000000000
00000000111111110101111110000000
00000001111111100000011111000000
00000001111111000000011111000000
00000001111111000000001111000000
00000000111111000000000011110000
00000000111111000000000011110000
00000000111111000000000011110000
00000000011110000000000011110000
00000000011111110000001111110000
00000000001111111111111111111000
00000000000111111111111111110000
00000000000011111111111111000000
00000000000000111111111100000000
