00000000000000001111101000000000
00000000000011111111111111100000
00000000000011111111111111110000
00000000001111111111111111100000
00000000000111111111111111100000
00000000000011110000011111110000
00000000000000000000001111100000
00000000000000000000001111100000
00000000000000000000001111000000
00000000000000000000111110000000
00000000000000000000111110000000
00000000000000000000111110000000
00000000000000000001111100000000
00000000000000000011111100000000
00000000000000000011111100000000
00000000000001111111111000000000
00000000000011111111111000000000
00000000000111111111111110000000
00000000001111111111111110000000
00000000001111111111111110000000
00000000001111111111110100000000
00000000000000111110000000000000
00000000000000111110000000000000
00000000000000111110000000000000
00000000000001111100000000000000
00000000000001111100000000000000
00000000000001111100000000000000
00000000000011111000000000000000
00000000000011111000000000000000
00000000000011111000000000000000
00000000000111110000000000000000
00000000000011100000000000000000
