00000000000000011111000000000000
00000000000111111111000000000000
00000000001111111111100000000000
00000000001111111111110000000000
00000000011111111111110000000000
00000000111111111111110000000000
00000000111111111111110000000000
00000001111111011111110000000000
00000001111100011111110000000000
00000001111000001111111000000000
00000011100000011111111000000000
00000001000001111111111000000000
00000000000111111111111110000000
00000000011111111111111111100000
00000001111111111111111111100000
00000001111111111111111111100000
00000001111111111111111111100000
00000001111111111111111111000000
00000000111111111111110000000000
00000000110011111110000000000000
00000000000011111110000000000000
00000000000011111110000000000000
00000000000011111110000000000000
00000000000111111100000000000000
00000000000111111100000000000000
00000000000111111100000000000000
00000000000111111100000000000000
00000000001111111100000000000000
00000000011111111000000000000000
00000000001111111000000000000000
00000000001111110000000000000000
00000000000111000000000000000000
