00000000001111111111100000000000
00000000011111111111110000000000
00000000011111111111111000000000
00000001111111111111110000000000
00000001111111111111111000000000
00000000111110000111111000000000
00000000000000000001111000000000
00000000000000000001111000000000
00000000000000000011110000000000
00000000000000000111110000000000
00000000000000000111110000000000
00000000000000000111110000000000
00000000000011000111110000000000
00000000000111110111100000000000
00000000001111111111111011000000
00000000001111111111111111100000
00000000001111111111111111100000
00000000000111111111111111000000
00000000000011111111111100000000
00000000000001111100000000000000
00000000000011111000000000000000
00000000000011111000000000000000
00000000000111111000000000000000
00000000000111110000000000000000
00000000000111100000000000000000
00000000011111000000000000000000
00000000011111000000000000000000
00000000011111000000000000000000
00000000011110000000000000000000
00000000011110000000000000000000
00000000111100000000000000000000
00000000111000000000000000000000
