00000000000000001100000000000000
00000000000000111110000000000000
00000000000011111111100000000000
00000000011111111111000000000000
00000000111111111111000000000000
00000000111111111111100000000000
00000001111110011111100000000000
00000001111000001111100000000000
00000001111000011111100000000000
00000001100000001111100000000000
00000000000000001111100000000000
00000000000000001111100000000000
00000000000000111111000000000000
00000000000000111111000000000000
00000000000000011111000000000000
00000000000000111111000000000000
00000000000000111111000000000000
00000000000011111111111100000000
00000000011111111111111110000000
00000000111111111111111111000000
00000000111111111111111111000000
00000001111111111111111100000000
00000001111111111110001000000000
00000000100001111100000000000000
00000000000001111100000000000000
00000000000001111100000000000000
00000000000001111100000000000000
00000000000011111100000000000000
00000000000011111100000000000000
00000000000011111000000000000000
00000000000111110000000000000000
00000000000011100000000000000000
