00000000000000001111111111111110
00000000000001111111111111111110
00000000000011111111111111111110
00000000001111111111111111111110
00000000001111111111111111111111
00000000001111111111111111111110
00000000001111111000000000111110
00000000000111100000000000111110
00000000000000000000000001111100
00000000000000000000000001111100
00000000000000000000000011111000
00000000000000000000000111110000
00000000000000000000000111110000
00000000000000000000011111000000
00000000000000000000011111000000
00000000000000000000111110000000
00000000000000000001111100000000
00000000000000000001111100000000
00000000000000000011111000000000
00000000000000000011110000000000
00000000000000000111100000000000
00000000000000001111100000000000
00000000000000001111100000000000
00000000000000011110000000000000
00000000000000011110000000000000
00000000000001111100000000000000
00000000000001111100000000000000
00000000000001111100000000000000
00000000000011111000000000000000
00000000000011111100000000000000
00000000000111111000000000000000
00000000000011111000000000000000
