00000000000000000000000000000000
00000000000000000011111000000000
00000000000000001111111000000000
00000000000001111111111100000000
00000011100111111111111110000000
00000011111111111111111110000000
00000011111111111111111110000000
00000011111111111100011110000000
00000000011110000000011110000000
00000000000000000000111110000000
00000000000000000000111110000000
00000000000000000001111110000000
00000000000000000011111111000000
00000000000000011111111111000000
00000000000000111111111110000000
00000000000011111111111110000000
00000000001111111111111000000000
00000000001111111111111000000000
00000000001111111111110000000000
00000000011111110111110000000000
00000000001111000111100000000000
00000000000000000111100000000000
00000000000000001111100000000000
00000000000000001111100000000000
00000000000000011110000000000000
00000000000000011110000000000000
00000000000000111110000000000000
00000000000001111100000000000000
00000000000001111000000000000000
00000000000000111100000000000000
00000000000000111000000000000000
00000000000000110000000000000000
