00000000000000111110000000000000
00000000000001111111100001111100
00000000000011111111111111111100
00000000000001111111111111111100
00000000000011111111111111111000
00000000000000011111111111111000
00000000000000000101111111110000
00000000000000000000000111110000
00000000000000000000000111110000
00000000000000000000001111000000
00000000000000000000001111000000
00000000000000000000111110000000
00000000000000000001111110000000
00000000000000000011111100000000
00000000000000000111111110000000
00000000000011111111111100000000
00000000000111111111111111000000
00000000001111111111111111000000
00000000011111111111111110000000
00000000001111111111111100000000
00000000011111011111110000000000
00000000000000011111000000000000
00000000000000111110000000000000
00000000000000111110000000000000
00000000000000111110000000000000
00000000000000111110000000000000
00000000000001111100000000000000
00000000000011111000000000000000
00000000000001111000000000000000
00000000000011110000000000000000
00000000000001110000000000000000
00000000000011000000000000000000
