00000000000111001111100000000000
00000000000111111111110000000000
00000000001111111111111000000000
00000000011111111111110000000000
00000000011111111111110000000000
00000000001111111111110000000000
00000000000001100011110000000000
00000000000000000111100000000000
00000000000000000111100000000000
00000000000000000111100000000000
00000000000000000111100000000000
00000000000000001111000000000000
00000000000000001111000000000000
00000000000000001111000000000000
00000000000111111111111111000000
00000000011111111111111111000000
00000000111111111111111111000000
00000000111111111111111111000000
00000001111111111111111100000000
00000001111111111000000000000000
00000001111001111000000000000000
00000000000001111000000000000000
00000000000011110000000000000000
00000000000011110000000000000000
00000000000011110000000000000000
00000000000011110000000000000000
00000000000111100000000000000000
00000000000111100000000000000000
00000000000111110000000000000000
00000000001111110000000000000000
00000000011111100000000000000000
00000000001111000000000000000000
