00000000000001111111111111100000
00000000000011111111111111110000
00000000000111111111111111110000
00000000000011111111111111110000
00000000000011111111111111100000
00000000000001111111111111100000
00000000000000100000011111000000
00000000000000000000011111000000
00000000000000000000111110000000
00000000000000000001111100000000
00000000000000000001111100000000
00000000000000000011111000000000
00000000000000000011111000000000
00000000000000000111110000000000
00000000000000000111111000000000
00000000000001111111111111000000
00000000000111111111111111100000
00000000011111111111111111100000
00000001111111111111111110000000
00000001111111111111110000000000
00000011111111111110000000000000
00000001110000011110000000000000
00000000000000111100000000000000
00000000000000111100000000000000
00000000000001111000000000000000
00000000000001111100000000000000
00000000000001111100000000000000
00000000000011111000000000000000
00000000000011111000000000000000
00000000000111110000000000000000
00000000000011111000000000000000
00000000000111110000000000000000
