00000000000001000000000000000000
00000000000111111000000000000000
00000000000111111100000011000000
00000000001111111111111111000000
00000000011111111111111111000000
00000000011111111111111111000000
00000000011110111111111111000000
00000000011110000001111100000000
00000000011100000000111100000000
00000000011100000001111100000000
00000000011100000011111000000000
00000000011000000111110000000000
00000000010000000111100000000000
00000000000000000111100000000000
00000000000000000111100000000000
00000000011111111111110000000000
00000000111111111111111110000000
00000000111111111111111110000000
00000000111111111111111110000000
00000000111111111111111110000000
00000000000001111111111110000000
00000000000000111111111100000000
00000000000001111000110000000000
00000000000011111000000000000000
00000000000011111000000000000000
00000000000011111000000000000000
00000000000111100000000000000000
00000000000111100000000000000000
00000000000111100000000000000000
00000000000111100000000000000000
00000000001111000000000000000000
00000000001111000000000000000000
