00000000000000001111000000000000
00000000011111111111111000000000
00000000111111111111111000000000
00000000111111111111111110000000
00000001111111111111111110000000
00000001111111111000111110000000
00000001111111111000011110000000
00000011111101111000111110000000
00000011111100000001111110000000
00000011111100000011111100000000
00000001111111000011111100000000
00000000111111110111111000000000
00000000011111111111111000000000
00000000011111111111111000000000
00000000000111111111110000000000
00000000000011111111110000000000
00000000000111111111100000000000
00000000000111111111110000000000
00000000001111111111110000000000
00000000001111111111110000000000
00000000011111101111110000000000
00000000011111100011111000000000
00000000111111000011111000000000
00000000111111000011111100000000
00000001111110000011111100000000
00000001111100000011111100000000
00000001111111111111111000000000
00000001111111111111111000000000
00000001111111111111111000000000
00000000111111111111110000000000
00000000001111111111000000000000
00000000000111111110000000000000
