00000000000100000000000000000000
00000000001111000000000000000000
00000000001111100000000000000000
00000000000111111111100000000000
00000000000111111111100000000000
00000000001111111111010000000000
00000000001111111111111000000000
00000000000111111111111110000000
00000000000111110001111110000000
00000000000111110000111111000000
00000000000111110000011111000000
00000000000111110000001111000000
00000000000011110000001111000000
00000000000011111000011111000000
00000000000001111000011111000000
00000000000001111101111111000000
00000000000001111111111100000000
00000000011111111111111000000000
00000000110111111111110000000000
00000001111111111111100000000000
00000001111111111111000000000000
00000011111111111111000000000000
00000011111110001111000000000000
00000001111000001111100000000000
00000011110000000111100000000000
00000011111000000111100000000000
00000011111111111111100000000000
00000001111111111111100000000000
00000000111111111111100000000000
00000000001111111111000000000000
00000000000000111111000000000000
00000000000000000010000000000000
