00000000000000000011000000000000
00000000000111100111100000000000
00000000011111111111110000000000
00000000011111111111111100000000
00000000011111111111111100000000
00000000111111111111111100000000
00000000111111111110111110000000
00000001111101111100011110000000
00000001111100111000011110000000
00000001111100111000011110000000
00000001111100000001111110000000
00000001111100000011111110000000
00000000011111111111111110000000
00000000011111111111111110000000
00000000001111111111111000000000
00000000001111111111110000000000
00000000000001111111000000000000
00000000000111111111000000000000
00000000001111111111100000000000
00000000111111111111110000000000
00000000111111111111111000000000
00000000111111100011111100000000
00000000111111000001111100000000
00000001111100000001111100000000
00000001111000000001111100000000
00000001111100000001111100000000
00000001111111000111111100000000
00000000111111111111111100000000
00000000011111111111111000000000
00000000011111111111110000000000
00000000000011111111100000000000
00000000000011111110000000000000
