00000000000000000000010000000000
00000000000000000011110000000000
00000000000100001111111000000000
00000000111111011111111100000000
00000000111111111111111100000000
00000001111111111111111100000000
00000001111111111111111000000000
00000011111110000011110000000000
00000001111100000001111000000000
00000001111000000011110000000000
00000001111000000011110000000000
00000001111100000111100000000000
00000001111110001111000000000000
00000000111111111111000000000000
00000000011111111111000000000000
00000000001111111110000000000000
00000000000001111111000000000000
00000000000001111111000000000000
00000000000011111111000000000000
00000000000011111111100000000000
00000000001111110011100000000000
00000000011111110011100000000000
00000000111111100011100000000000
00000000111111000011110000000000
00000001111110000011110000000000
00000000111111000001111000000000
00000000011111100011111000000000
00000000001111110111110000000000
00000000000111111111110000000000
00000000000111111111110000000000
00000000000001111111110000000000
00000000000000111111000000000000
