00000000000000110000000000000000
00000000000011111110000000000000
00000000000111111111100000000000
00000000000111111111111000000000
00000000011111111111111100000000
00000000011111111111111100000000
00000000111111111111111110000000
00000001111111111000111110000000
00000001111111110000011110000000
00000001111111000000111110000000
00000001111111000001111110000000
00000001111111000011111100000000
00000000011111110011111110000000
00000000001111111111111110000000
00000000001111111111111000000000
00000000001111111111111000000000
00000000001111111111110000000000
00000000001111111111100000000000
00000000111111111111000000000000
00000001111111111111100000000000
00000011111111111111110000000000
00000001111111000111111000000000
00000001111111000011111100000000
00000001111110000011111100000000
00000001111111000001111110000000
00000000111111100001111111000000
00000000011111111111111111000000
00000000011111111111111111000000
00000000011111111111111110000000
00000000000111111111111100000000
00000000000000011111111000000000
00000000000000000001000000000000
