00000000000111000000000000000000
00000000011111111000000000000000
00000000111111111000000000000000
00000001111111111100000000000000
00000001111111111100000000000000
00000011111100111100000000000000
00000011111100011100000000000000
00000011111000001110000000000000
00000011111000001110000000000000
00000011111100000000000000000000
00000001111100000000000000000000
00000001111110000000000000000000
00000001111110000000000000000000
00000000111111000000010011000000
00000000111111000001111111000000
00000000001111111111111111000000
00000000000111111111111111000000
00000000000011111111100000000000
00000000000011111111000000000000
00000000001111111110000000000000
00000000011111111110000000000000
00000000111111111111000000000000
00000001111111111111000000000000
00000001111110001111000000000000
00000011111100001111000000000000
00000011111000000111100000000000
00000011111000000111100000000000
00000001111111111111100000000000
00000000111111111111000000000000
00000000111111111111000000000000
00000000011111111110000000000000
00000000000001100000000000000000
