00000000000000000001000000000000
00000000000000000111111000000000
00000000111100000111111100000000
00000000111111101111111111000000
00000000111111101111111111000000
00000000111111100111011111000000
00000001111100000000001111000000
00000001111100000000011111000000
00000001111100000000111110000000
00000000111100000001111100000000
00000000111100000011111100000000
00000000111110001111110000000000
00000000011110011111100000000000
00000000011111111110000000000000
00000000011111111110000000000000
00000000001111111100000000000000
00000000000111110000000000000000
00000000011111110000000000000000
00000000011111110000000000000000
00000000111111111000000000000000
00000000111111111000000000000000
00000001111001111100000000000000
00000001111000111100000000000000
00000001110000111110000000000000
00000001110000011110000000000000
00000011110000011110000000000000
00000001110000011110000000000000
00000001111100111110000000000000
00000001111111111110000000000000
00000000111111111110000000000000
00000000001111111110000000000000
00000000000011110000000000000000
