00000000000001111111100000000000
00000000001111111111110000000000
00000000011111111111111000000000
00000000111111111111111100000000
00000000111111111111111110000000
00000000111111111111111110000000
00000000111111111111111110000000
00000000111111111111111110000000
00000000111111100111111110000000
00000000111110000111111100000000
00000000011111101111111110000000
00000000011111111111111100000000
00000000011111111111111100000000
00000000001111111111110000000000
00000000000111111111100000000000
00000000000111111111000000000000
00000000000111111111000000000000
00000000001111111110000000000000
00000000011111111100000000000000
00000000111111111100000000000000
00000000111111111100000000000000
00000001111111111111000000000000
00000001111111111111000000000000
00000000111111011111100000000000
00000001111110011111100000000000
00000001111111111111100000000000
00000001111111111111100000000000
00000001111111111111100000000000
00000000111111111111100000000000
00000000011111111111000000000000
00000000001111111110000000000000
00000000000001111100000000000000
