00000000000011100000000000000000
00000000000111100000000000000000
00000000011111110000000000000000
00000000011111111000000000000000
00000000111111111000000000000000
00000000111111111000000000000000
00000000011111011100000000000000
00000000011111001100000000000000
00000000011111000110000000000000
00000000011111000100000000000000
00000000011111000000000000000000
00000000011111000000000000000000
00000000001111100000111110000000
00000000000111111111111111000000
00000000000011111111111111000000
00000000000001111111111110000000
00000000000001111111110000000000
00000000000001111111100000000000
00000000000111111111000000000000
00000000000111111111100000000000
00000000000111111111111000000000
00000000001111110011111000000000
00000000111111100001111110000000
00000000111111100001111110000000
00000001111111000000111110000000
00000001111100000000111110000000
00000001111100000000111110000000
00000000111110000001111110000000
00000000011111111111111110000000
00000000011111111111111100000000
00000000001111111111111000000000
00000000000000111111000000000000
