00000000000111111100000000000000
00000000011111111111100000000000
00000000111111111111110000000000
00000001111111111111111000000000
00000001111111111111111100000000
00000001111000000001111100000000
00000000111110000000111110000000
00000000110011000000011110000000
00000000110111100000111100000000
00000000100111110001111100000000
00000000000111111111111000000000
00000000000011111111110000000000
00000000000001111111000000000000
00000000000000111111100000000000
00000000000000111111000000000000
00000000000001111110000000000000
00000000000011111100000000000000
00000000000111111100000000000000
00000000000111111100000000000000
00000000001111011100000000000000
00000000001111001110000000000000
00000000011110001110000000000000
00000000011110001110000000000000
00000000111100001110000000000000
00000001111100011110000000000000
00000001111000111110000000000000
00000001111001111100000000000000
00000000111111111110000000000000
00000000111111111100000000000000
00000000111111111000000000000000
00000000011111100000000000000000
00000000011111000000000000000000
