00000000000011111100000000000000
00000000000111111111100000000000
00000000011111111111111000000000
00000001111111111111111000000000
00000011111111111111111000000000
00000001111111000001111100000000
00000001111100000001111100000000
00000001111100000011111100000000
00000001111110000111111000000000
00000000111110001111110000000000
00000000011111001111111000000000
00000000001111111111100000000000
00000000000011111111000000000000
00000000000011111100000000000000
00000000000001111100000000000000
00000000000111111100000000000000
00000000000111111100000000000000
00000000001111111110000000000000
00000000011111001110000000000000
00000000001111000111000000000000
00000000011111000111000000000000
00000000011111000011000000000000
00000000111100000011000000000000
00000000011110000001100000000000
00000000011100000010100000000000
00000000011100000011100000000000
00000000111100000111100000000000
00000000111100010111100000000000
00000000011111111111100000000000
00000000011111111111000000000000
00000000001111001111000000000000
00000000000111111100000000000000
