00000000000001111100000000000000
00000000000111111110000000000000
00000000001111101111000000000000
00000000001111111111110000000000
00000000111111100111111000000000
00000000111111000011111000000000
00000011111100000011111000000000
00000001101000000001111000000000
00000000111000000011100000000000
00000001110000000111100000000000
00000001100000000111100000000000
00000001111000001111100000000000
00000001111100001111000000000000
00000000111110001111000000000000
00000000111111111100000000000000
00000000001111111110000000000000
00000000000111111110000000000000
00000000000111111100000000000000
00000000000000111110000000000000
00000000000011111111000000000000
00000000000011111111000000000000
00000000000111111111000000000000
00000000000111100111110000000000
00000000001111100111100000000000
00000000011111000111100000000000
00000000011110000111100000000000
00000000001111000011110000000000
00000000001111001111110000000000
00000000011111111111100000000000
00000000001111111111000000000000
00000000000111111110000000000000
00000000000011111100000000000000
