00000000000000111111000000000000
00000000000011111111110000000000
00000000001111111111111000000000
00000000011111111111111000000000
00000011111111111111111100000000
00000011111111111111111110000000
00000001111111000011111100000000
00000001111000000011111100000000
00000000110000000111111000000000
00000110000000000111110000000000
00000111100000000111110000000000
00001111110000001111100000000000
00000111111000111111100000000000
00000011111101111111000000000000
00000001111111111111000000000000
00000000111111111110000000000000
00000000011111111100000000000000
00000000011111111000000000000000
00000000011111110000000000000000
00000000001111111000000000000000
00000000011111111000000000000000
00000000111111111000000000000000
00000000111111111100000000000000
00000000111111111110000000000000
00000000111110111110000000000000
00000000111110111110000000000000
00000000111110111111000000000000
00000000111111111111000000000000
00000000001111111111100000000000
00000000001111111111110000000000
00000000000111111111100000000000
00000000000011111110000000000000
