00000000000000111110000000000000
00000000000011111111100000000000
00000000001111111111110000000000
00000000011111111111111000000000
00000000111111111111111100000000
00000000111111111111111100000000
00000001111100000000111110000000
00000000111100000000011110000000
00000000111110000000011111000000
00000000111110000011111111000000
00000000111111111111111110000000
00000000111111111111111100000000
00000000111111111111111000000000
00000000011111111111110000000000
00000000001111111111110000000000
00000000001111111111110000000000
00000000000111111111111100000000
00000000001111111111111110000000
00000000000111111111111110000000
00000000001111111111111110000000
00000000001111110000011111000000
00000000001111110000001111000000
00000000001111100000001111000000
00000000011111000000011110000000
00000000011111000000111110000000
00000000011111000001111110000000
00000000011111000111111100000000
00000000011111111111111000000000
00000000011111111111110000000000
00000000001111111111110000000000
00000000001111111111100000000000
00000000000011111000000000000000
