00000000000001111110000000000000
00000000001111111111110000000000
00000000011111111111110000000000
00000000111111111111111000000000
00000001111111111111110000000000
00000001111110000001111000000000
00000001111110000001111000000000
00000000111110000001111000000000
00000000111111000000110000000000
00000000111111100000000000000000
00000000111111100000000000000000
00000000111110100111111100000000
00000000011111111111111110000000
00000000001111111111111111000000
00000000000111111111111110000000
00000000000111111111111000000000
00000000000111111111000000000000
00000000001111111111000000000000
00000000011111111111100000000000
00000000011111111111110000000000
00000000111111001111110000000000
00000000111110000111111000000000
00000000111110000011111000000000
00000001111000000011110000000000
00000001111000000011111000000000
00000001111000000011111000000000
00000001111110000011111000000000
00000001111111000111110000000000
00000000111111111111110000000000
00000000011111111111110000000000
00000000000111111111000000000000
00000000000001111110000000000000
