00000000000000011111000000000000
00000000000000111111100000000000
00000001110111111111110000000000
00000000011111111111111000000000
00000000001111111111111100000000
00000000000111100011111111000000
00000000000111100011111111000000
00000000000111100111111111000000
00000000000111111111000000000000
00000000000111111110000000000000
00000000000111111000000000000000
00000000000111110000000000000000
00000000000111110000000000000000
00000000000111110000000000000000
00000000000111100000000000000000
00000000001111110000000000000000
00000000011111110000000000000000
00000000011101111000000000000000
00000000111100111000000000000000
00000001111000011100000000000000
00000001111000011100000000000000
00000001111000011100000000000000
00000011110000011100000000000000
00000011110000011100000000000000
00000011110000111100000000000000
00000011100001111100000000000000
00000011110001111100000000000000
00000011110011111000000000000000
00000001111111110000000000000000
00000001111111110000000000000000
00000000011111110000000000000000
00000000001111000000000000000000
