00000000000001110000000000000000
00000000000111111110000000000000
00000000001111111110000000000000
00000001111111111111000000000000
00000001111111111111000000000000
00000001111100011111000000000000
00000011111000011111000000000000
00000011111000011111110000000000
00000011111000011111111000000000
00000011111001111111111100000000
00000001111111111111111000000000
00000001111111111111111000000000
00000001111111111111000000000000
00000000111111111110000000000000
00000000011111111100000000000000
00000000000111111100000000000000
00000000000001111111000000000000
00000000000001111111000000000000
00000000000001111111100000000000
00000000000011111111110000000000
00000000000011110011111000000000
00000000000111100001111100000000
00000000000111100000111110000000
00000000001111000000011110000000
00000000001111000000011111000000
00000000001111100000001111000000
00000000001110000000001111000000
00000000001111100000111111000000
00000000001111111111111110000000
00000000001111111111111110000000
00000000001111111111110000000000
00000000000011111111100000000000
