00000000000000011110000000000000
00000000000001111110000000000000
00000000000111111111000000000000
00000000000111111111100000000000
00000000011111111111101110000000
00000000011111111111101111000000
00000000111110000011111111000000
00000000111100000001111111000000
00000001111000000001111110000000
00000001111000000001111100000000
00000001111000000111110000000000
00000011111000000111100000000000
00000011111000001111100000000000
00000001111000011111000000000000
00000001111101111110000000000000
00000000111111111100000000000000
00000000011111111000000000000000
00000000011111111000000000000000
00000000001111111000000000000000
00000000000111111000000000000000
00000000000111111100000000000000
00000000001111111110000000000000
00000000001111111111000000000000
00000000001110001111100000000000
00000000001110001111100000000000
00000000001110000111100000000000
00000000001110000111110000000000
00000000001111111111110000000000
00000000001111111111110000000000
00000000000111111111100000000000
00000000000111111111100000000000
00000000000000110000000000000000
