00000000000000111111100000000000
00000000000011111111100000000000
00000000000111111111111000000000
00000000001111111111111100000000
00000000001111111111111100000000
00000000011111111111111100000000
00000000001111100001111110000000
00000000000111100011111100000000
00000010000111100111111100000000
00000111100111111111111000000000
00000111111111111111110000000000
00000111111111111111110000000000
00000111111111111111100000000000
00000001111111111111000000000000
00000000011111111110000000000000
00000000001111111000000000000000
00000000111111111100000000000000
00000000111111111111000000000000
00000001111111111111000000000000
00000001111100111111000000000000
00000001111100001111110000000000
00000001111100000111110000000000
00000001111000000111110000000000
00000001111000000111110000000000
00000001111000000111111100000000
00000001111000000111111100000000
00000000111100000111111100000000
00000000011111111111111100000000
00000000001111111111111000000000
00000000000111111111111000000000
00000000000011111111100000000000
00000000000000110000000000000000
