00000000000111111000000000000000
00000000001111111100000000000000
00000000111111111110000000000000
00000011111111111111100000000000
00000011111111111111110000000000
00000011111100111111111100000000
00000001111000011111111110000000
00000011111000001111111110000000
00000011110000011111100000000000
00000011110000011111000000000000
00000001110000111111000000000000
00000001111001111110000000000000
00000001111111111100000000000000
00000000111111111110000000000000
00000000011111111000000000000000
00000000001111111000000000000000
00000000001111111100000000000000
00000000001111111100000000000000
00000000001111111100000000000000
00000000011111111110000000000000
00000000011111111110000000000000
00000000011111111110000000000000
00000000011111111110000000000000
00000000011111111100000000000000
00000001111111111100000000000000
00000001111111111000000000000000
00000001111111110000000000000000
00000000111111110000000000000000
00000000111111110000000000000000
00000000111111110000000000000000
00000000111110000000000000000000
00000000001100000000000000000000
