00000000000001111100000000000000
00000000000011111110000000000000
00000000001111111111000000000000
00000000000111111111100000000000
00000000001111111111100000000000
00000000011111110111100000000000
00000000111111100011100000000000
00000000111111100011100000000000
00000000111111100011000000000000
00000000111111000001000000000000
00000000011111100000100000000000
00000000011111100000000000000000
00000000001111110001111111000000
00000000000111111011111111000000
00000000000111111111111111000000
00000000000011111111111100000000
00000000000011111111110000000000
00000000000011111111100000000000
00000000001111111111100000000000
00000000011111111111110000000000
00000000111111111111110000000000
00000001111111000111110000000000
00000001111110000111111000000000
00000001111111000001111100000000
00000001111110000000111110000000
00000001111110000000111110000000
00000001111110000000111110000000
00000000111111100011111110000000
00000000111111111111111100000000
00000000001111111111111000000000
00000000000011111111110000000000
00000000000000011100000000000000
