00000000000001111000000000000000
00000000000011111000000000000000
00000000011111111100000000000000
00000000001111111111000000000000
00000000011111111111000000000000
00000000111111111111000000000000
00000001111110000110000000000000
00000001111100000000011110000000
00000001111000000000111110000000
00000011110000011111111100000000
00000001110001111111111100000000
00000011110011100111110000000000
00000001111011111111110000000000
00000001111111011110000000000000
00000000111111111000000000000000
00000000111110100000000000000000
00000000111111000000000000000000
00000000111011000000000000000000
00000000111110000000000000000000
00000001111110000000000000000000
00000001111111000000000000000000
00000000111111100000000000000000
00000000111111100000000000000000
00000000111111110000000000000000
00000001111101110000000000000000
00000000111101110000000000000000
00000000111101110000000000000000
00000000111111111000000000000000
00000000011111111000000000000000
00000000011111111000000000000000
00000000001111111000000000000000
00000000000001110000000000000000
