00000000000000001110000000000000
00000000000011111111000000000000
00000000000111111111100000000000
00000000001111111111100000000000
00000000011111100000000000000000
00000000111111000000000000000000
00000001111110000000000000000000
00000001111100000000000000000000
00000001111000000000001111000000
00000001111000000001111111000000
00000001111100001111111111000000
00000001111100111111111111000000
00000001111111111111111000000000
00000000111111111111100000000000
00000000011111111111000000000000
00000000001111111100000000000000
00000000001111111000000000000000
00000000001111111000000000000000
00000000001111111100000000000000
00000000001111111100000000000000
00000000001111111111000000000000
00000000011111111110000000000000
00000000011110011111000000000000
00000000011110001111000000000000
00000000011110000111000000000000
00000000011110000111000000000000
00000000011110000111100000000000
00000000001111000111100000000000
00000000001111111111100000000000
00000000000111111111100000000000
00000000000001111111100000000000
00000000000000011110000000000000
