00000000000001111110000000000000
00000000001111111111100000000000
00000000011111111111110000000000
00000000011111111111110000000000
00000000111111111111111000000000
00000001111110000001111100000000
00000011111110000000111110000000
00000111111110000000011110000000
00000111111110000000111110000000
00000111111110000001111110000000
00000011111111000011111110000000
00000000111111000111111100000000
00000000111111111111111000000000
00000000011111111111111100000000
00000000000111111111110000000000
00000000000111111110000000000000
00000000001111111110000000000000
00000000011111111110000000000000
00000000011111111110000000000000
00000001111111111111000000000000
00000000111111101111100000000000
00000001111110000111110000000000
00000001111100000111110000000000
00000001111000000111110000000000
00000001110000000011110000000000
00000001110000000111110000000000
00000001110000000111110000000000
00000000011000000011111000000000
00000000011111111111110000000000
00000000011111111111100000000000
00000000000111111111100000000000
00000000000000111100000000000000
