00000000000111111000000000000000
00000000011111111110000000000000
00000000111111111111000000000000
00000001111111111111000000000000
00000011111111111111000000000000
00000111111000011111000011000000
00000111111000001111000111100000
00000111111000001111001111100000
00000111111000001111011111000000
00000111111000011111111110000000
00000011111000111111111100000000
00000011111100011111111100000000
00000001111100011111111000000000
00000001111110111111110000000000
00000000111111111111100000000000
00000000111111111110000000000000
00000000111111111100000000000000
00000000011111110000000000000000
00000000011111100000000000000000
00000000111111100000000000000000
00000000111111110000000000000000
00000000111111110000000000000000
00000001111111111000000000000000
00000001111111111100000000000000
00000001111101111100000000000000
00000001111001111110000000000000
00000001111101111110000000000000
00000001111110111110000000000000
00000000111111111111000000000000
00000000111111111111000000000000
00000000111111111110000000000000
00000000001111111100000000000000
