00000000000000000111000000000000
00000000000011111111110000000000
00000000000111111111111000000000
00000000001111111111111110000000
00000000111111111111111111000000
00000000111111111111111111000000
00000001111111110001111111100000
00000001111110000000001111100000
00000001111110000000001111100000
00000001111100000000001111100000
00000011111111100000011111000000
00000011111111110000111111000000
00000001111111111100111111000000
00000001111111111111111110000000
00000001111111111111111110000000
00000001111111111111111100000000
00000000011111111111111100000000
00000000000111111111111000000000
00000000000000111111111100000000
00000000000000111111111100000000
00000000000000111111111100000000
00000000000000111111111110000000
00000000000001111111111110000000
00000000000111111111111100000000
00000000000111111111111100000000
00000000001111111111111100000000
00000000001111111111111000000000
00000000001111111111111000000000
00000000001111111111110000000000
00000000000111111111000000000000
00000000000011111111000000000000
00000000000001111000000000000000
