00000000000000000100000000000000
00000000000000111111111000000000
00000000001111111111111100000000
00000000001111111111111110000000
00000000001111111111111111000000
00000000011111110000001111000000
00000001111110000000000111000000
00000001111110000000000111000000
00000001111110000000011111000000
00000011111000000001111110000000
00000011111000001111111110000000
00000001111001111111111100000000
00000001111111111111111000000000
00000001111111111111111000000000
00000001111111111111111000000000
00000001111111111111111100000000
00000000011111110001111111000000
00000000011111100000001111000000
00000000011111000000000111000000
00000000011111000000000111000000
00000000011110000000000111000000
00000000011110000000001111000000
00000000011110000000001111000000
00000000011110000000001111000000
00000000011110000000111100000000
00000000011110000001111100000000
00000000011111000111111100000000
00000000011111111111110000000000
00000000011111111111100000000000
00000000001111111111000000000000
00000000000111111110000000000000
00000000000000100000000000000000
