00000000000011111000000000000000
00000000000111111111000000000000
00000000011111111111111000000000
00000000011111111111111000000000
00000001111111111111111100000000
00000001111110001011111100000000
00000000111100000000011110000000
00000000110000000000111110000000
00000000100000000001111100000000
00000000100000000011111100000000
00000001100000000111111100000000
00000011111100011111110000000000
00000011111110011111100000000000
00000011111111111111000000000000
00000001111111111110000000000000
00000000001111111100000000000000
00000000000111111000000000000000
00000000000111111100000000000000
00000000001111111110000000000000
00000000001111111110000000000000
00000000001111101111000000000000
00000000001111000111000000000000
00000000011110000111100000000000
00000000011110000111100000000000
00000000111100000011100000000000
00000000111100000111100000000000
00000000111000001111100000000000
00000000011111111111100000000000
00000000011111111111100000000000
00000000011111111111000000000000
00000000001111111110000000000000
00000000000111000000000000000000
