00000000000011111100000000000000
00000000000111111111000000000000
00000000001111111111100000000000
00000000011111111111110000000000
00000000011111111111110000000000
00000000001110000001111000000000
00000000001100000000111000000000
00000000001100000000111000000000
00000000000100000000011100000000
00000000000000000001111000000000
00000000000000000001111000000000
00000000001111000001111000000000
00000000011111000011110000000000
00000001111111110111100000000000
00000001111111111110000000000000
00000000111111111111000000000000
00000000001101111111000000000000
00000000000011111111100000000000
00000000000011111011111000000000
00000000000111110001111100000000
00000000000111100000111100000000
00000000011110000000011100000000
00000000011110000000001110000000
00000000011110000000001110000000
00000000111100000000001110000000
00000000011110000000000111000000
00000000011110000000001111000000
00000000011110000000111111000000
00000000001111000011111111100000
00000000001111111111111110000000
00000000000111111111111000000000
00000000000011111111100000000000
