00000000000000000011100000000000
00000000000001111111111000000000
00000000000011111111111100000000
00000000000111111111111110000000
00000000001111111111111110000000
00000000011111111001111110000000
00000000011111000001111110000000
00000000011111000011111100000000
00000000011111000011111000000000
00000001001111000111110000000000
00000111000010000111100000000000
00000111100000011111000000000000
00000011110000011111100000000000
00000011111000111111000000000000
00000001111101111111000000000000
00000001111111111100000000000000
00000000111111111100000000000000
00000000011111111000000000000000
00000000001111110000000000000000
00000000011111111000000000000000
00000000111111111100000000000000
00000000011111111111100000000000
00000000011111011111100000000000
00000000111111001111110000000000
00000000011111001111111000000000
00000000011111000011111100000000
00000000011111110001111100000000
00000000001111111111111100000000
00000000000111111111111100000000
00000000000011111111111100000000
00000000000000011111111110000000
00000000000000000011110000000000
