00000000000000001111100000000000
00000000000000111111110000000000
00000000000111111111111100000000
00000000001111111111111100000000
00000000011111111111111100000000
00000000011111100001111100000000
00000000001111000000111110000000
00000111111110000001111110000000
00000111111100000011111110000000
00000111111100000011111000000000
00000011111111001111110000000000
00000001111111111111110000000000
00000000011111111111000000000000
00000000000111111111000000000000
00000000000111111111000000000000
00000000000011111110000000000000
00000000000111111111000000000000
00000000000111111111000000000000
00000000001111001111100000000000
00000000011111000111100000000000
00000000001111000011110000000000
00000000001111000011111000000000
00000000011110000001111000000000
00000000011100000001111000000000
00000000011100000001111000000000
00000000011100000011111000000000
00000000011110000111111000000000
00000000001111101111111100000000
00000000000111111111110000000000
00000000000111111111110000000000
00000000000111111111100000000000
00000000000011111100000000000000
