00000000000111110000000000000000
00000000011111111000000000000000
00000000011111111100110000000000
00000000001111111111111000000000
00000000001111111111111100000000
00000000001111111111111100000000
00000000001111111111111100000000
00000000011111111111111100000000
00000000001111111111111100000000
00000000000111111111101000000000
00000000001111111111000000000000
00000000001111111110000000000000
00000000001111111110000000000000
00000000001111111000000000000000
00000000000111111100000000000000
00000000001111111000000000000000
00000000011111111000000000000000
00000000011111111000000000000000
00000000111111111000000000000000
00000000111111111100000000000000
00000000111111111000000000000000
00000001111111111000000000000000
00000001111111111000000000000000
00000001111111111000000000000000
00000001111111111000000000000000
00000000111111111100000000000000
00000000111111111000000000000000
00000000111111111000000000000000
00000000011111111000000000000000
00000000011111100000000000000000
00000000000111110000000000000000
00000000000000100000000000000000
