00000000011111000000000000000000
00000001111111100000000000000000
00000001111111100001110000000000
00000000111111111001111100000000
00000001111111111001111110000000
00000001111111111001111110000000
00000011111111111001111111000000
00000001111110000000111111000000
00000011111100000000111110000000
00000011111100000000111110000000
00000001111100000001111100000000
00000001111110000011111100000000
00000000111110000111111100000000
00000000111111001111111100000000
00000000111111111111111000000000
00000000011111111111111000000000
00000000011111111111110000000000
00000000001111111111100000000000
00000000001111111111000000000000
00000000001111111111000000000000
00000000001111111100000000000000
00000000011111111100000000000000
00000000111111111000000000000000
00000000111111111000000000000000
00000011111111111000000000000000
00000011111111111000000000000000
00000011111111110000000000000000
00000011111111110000000000000000
00000011111111110000000000000000
00000001111111110000000000000000
00000000111111100000000000000000
00000000011111000000000000000000
