00000000000011110000000000000000
00000000011111111000000000000000
00000000011111111100000000000000
00000000001111111110000000000000
00000000011111111110000000000000
00000000011111111100000000000000
00000000011110000001111100000000
00000000111110000011111100000000
00000000001111000011011110000000
00000000001111000111111110000000
00000000001111111111111110000000
00000000001111111111111100000000
00000000001111111111111000000000
00000000001111111111100000000000
00000000000111111111100000000000
00000000000111111111100000000000
00000000001111111100000000000000
00000000011111111000000000000000
00000000011111111000000000000000
00000000011111111100000000000000
00000000111111111100000000000000
00000000111111111110000000000000
00000001110011111110000000000000
00000001111110011110000000000000
00000001111110011110000000000000
00000000111110011111100000000000
00000000111110111111000000000000
00000000111111111111000000000000
00000000111111111110000000000000
00000000011111111110000000000000
00000000001111111110000000000000
00000000000011111000000000000000
