00000000000001100000000000000000
00000000000011111110000000000000
00000000001111111111000000000000
00000000001111111111110000000000
00000000001111111111111100000000
00000000001111100001111100000000
00000000001111000000111100000000
00000000001111000000111100000000
00000000001111000000011110000000
00000000001111100100111111000000
00000000001111111111111110000000
00000000001111111111111111000000
00000000000111111111111110000000
00000000000111111111111100000000
00000000000011111111111000000000
00000000000111111111100000000000
00000000001111111100000000000000
00000000001111111110000000000000
00000000011111111110000000000000
00000000111110011111000000000000
00000001111110001111000000000000
00000001111000001111100000000000
00000001110000001111100000000000
00000001110000000111100000000000
00000011110000000011111000000000
00000011110000000001111000000000
00000001111000000001111000000000
00000001111111110111111000000000
00000001111111111111111000000000
00000000001111111111111000000000
00000000001111111111111000000000
00000000000000111111000000000000
