00000000000000000000000000000000
00000000000011111111000000000000
00000000001111111111110000000000
00000000011111111111111000000000
00000000011111100011111100000000
00000000011110000001111100000000
00000000111100000001111100000000
00000000111000000001111100000000
00000000111100000011111100000000
00000000011100000111111100000000
00000000111100000111111000000000
00000000111110001111111000000000
00000000011111111111111000000000
00000000001111111111110000000000
00000000001111111111100000000000
00000000001111111111000000000000
00000000000111111111000000000000
00000000001111111111000000000000
00000000001111111111000000000000
00000000001111111111100000000000
00000000011111000111110000000000
00000000011110000011111000000000
00000000111110000001111000000000
00000001111000000001111000000000
00000001110000000001111100000000
00000001111000000001111100000000
00000000111100000001111100000000
00000000111110000011111100000000
00000000011111111111111000000000
00000000011111111111111000000000
00000000000000011000000000000000
00000000000000000000000000000000
