00000000000000000000000000000000
00000000000001111100000000000000
00000000000111111111000000000000
00000000011111111111110000000000
00000000111111111111110000000000
00000000111110001111110000000000
00000001111100000111110000000000
00000001111100000111111000000000
00000001111100000111111100000000
00000000111110000111111110000000
00000000111110000111111110000000
00000000011111001111111110000000
00000000001111111111111000000000
00000000000111111111100000000000
00000000000111111111000000000000
00000000000011111110000000000000
00000000000011111100000000000000
00000000000011111100000000000000
00000000000111111110000000000000
00000000000111111111000000000000
00000000001111111111100000000000
00000000001111111111110000000000
00000000001111001111110000000000
00000000011110000011110000000000
00000000011100000001111000000000
00000000111100000001111100000000
00000000111110000001111100000000
00000000011111000011111100000000
00000000011111111111111100000000
00000000001111111111111100000000
00000000000000001111110000000000
00000000000000000000000000000000
