00000000000011000000000000000000
00000000011111111000000000000000
00000000111111111000000000000000
00000000111111111100000000000000
00000000111100011110000000000000
00000001111000001110000000000000
00000001111000011110000000000000
00000001111000001110000000000000
00000001111000001100000000000000
00000001111000001100000000000000
00000001111000011100000000000000
00000001111000011100000000000000
00000000111100011100000000000000
00000000011110111100000000000000
00000000011111111100000000000000
00000000001111110000000000000000
00000000000111110000000000000000
00000000000111111100000000000000
00000000011111111111000000000000
00000000011111111111100000000000
00000000111100011111111000000000
00000000111100000001111111000000
00000001111100000000001111100000
00000001111000000000000111100000
00000000111000000000000011100000
00000000111000000000000011100000
00000000110000000000000111100000
00000000110000000000000111100000
00000000111000000000111111000000
00000000111111011111111110000000
00000000001111111111111110000000
00000000000011111111110000000000
