00000000000000011100000000000000
00000000001111111111000000000000
00000000011111111111000000000000
00000000111111111111100000000000
00000000111111111111110000000000
00000001111100001111111000000000
00000001111100001111111100000000
00000000111100001111111100000000
00000001111100000011111100000000
00000000111100000011111100000000
00000001111100000111111000000000
00000001111110001111111000000000
00000000111111111111110000000000
00000000011111111111110000000000
00000000001111111111000000000000
00000000000111111111000000000000
00000000001111111111110000000000
00000000011111111111111000000000
00000000111111111111111100000000
00000001111110000111111110000000
00000001111110000111111110000000
00000001111100000001111110000000
00000001111000000000111111000000
00000011110000000000111110000000
00000011110000000000111110000000
00000011110000000000111110000000
00000011111100000001111110000000
00000011111111001111111110000000
00000001111111111111111110000000
00000000011111111111111100000000
00000000000111111111110000000000
00000000000011111111100000000000
