00000000001111110000000000000000
00000000111111111100000000000000
00000000111111111100000000000000
00000000111111111111111000000000
00000000111111111111111100000000
00000001111111011111111110000000
00000011111110001111111110000000
00000011111000001111111110000000
00000011111000000011111110000000
00000011110000000111111110000000
00000111110000000111111100000000
00000011111100011111111000000000
00000001111111111111110000000000
00000000111111111111100000000000
00000000011111111111000000000000
00000000001111111110000000000000
00000000001111111110000000000000
00000000001111111111000000000000
00000000011111111111100000000000
00000000111111001111110000000000
00000000111110000111111000000000
00000000111110000001111110000000
00000000111110000000111110000000
00000001111110000000011111100000
00000001111110000000011111100000
00000001111000000000001111100000
00000001111000000000001111100000
00000001111111111111111111100000
00000000111111111111111111100000
00000000111111111111111111100000
00000000000111111111111111000000
00000000000000000010000000000000
