00000000000000111000000000000000
00000000000001111000000000000000
00000000001111111100000000000000
00000000011111111000000000000000
00000000111111111000000000000000
00000001111111111110011100000000
00000001111111011111111110000000
00000011111100001111111110000000
00000011111000001111111110000000
00000011100000001111111110000000
00000001110000000011111111000000
00000011110000000011111111000000
00000011111111001111111110000000
00000001111111111111111100000000
00000000111111111111111000000000
00000000011111111111100000000000
00000000001111111111100000000000
00000000001111111111110000000000
00000000001111111111111000000000
00000000011111000011111100000000
00000000011110000011111100000000
00000000011100000000111110000000
00000000011100000000011110000000
00000000001100000000001111100000
00000000011110000000000111100000
00000000001110000000000111100000
00000000001110000000001111100000
00000000001111111111111111100000
00000000001111111111111111100000
00000000001111111111111111000000
00000000000111111111111111000000
00000000000000111011100000000000
