00000000000000011111000000000000
00000000000111111111111000000000
00000000001111111111111000000000
00000000011111111111111110000000
00000000011111111111111110000000
00000000111111000001111111000000
00000000111110000000011111000000
00000000111100000000001111000000
00000011111100000000011111000000
00000011111000000000011111000000
00000011111100000000111111000000
00000001111110000001111100000000
00000001111110000011111100000000
00000000111111111111110000000000
00000000011111111111110000000000
00000000000111111111100000000000
00000000000011111111000000000000
00000000000001111111000000000000
00000000000011111111100000000000
00000000000011111111110000000000
00000000000111111111111000000000
00000000000111110011111100000000
00000000001111100001111100000000
00000000011111000001111100000000
00000000011111000000111100000000
00000000011110000001111110000000
00000000011110000011111100000000
00000000011111111111111100000000
00000000011111111111111000000000
00000000001111111111100000000000
00000000000011111111100000000000
00000000000011111111000000000000
