00000000000001111000000000000000
00000000000111111111100000000000
00000000001111111111110000000000
00000001111111111111111000000000
00000011111110000001111000000000
00000001111110000000111100000000
00000011111000000001111100000000
00000011110000000011111100000000
00000011110000000011110000000000
00000011110000000111100000000000
00000000111100111111100000000000
00000000111111111111000000000000
00000000011111111110000000000000
00000000011111111100000000000000
00000000001111111100000000000000
00000000001111111000000000000000
00000000011111110000000000000000
00000000011111111000000000000000
00000000111101111100000000000000
00000000111100011110000000000000
00000000111000001111000000000000
00000001111000000111000000000000
00000001111000000111100000000000
00000000111000000011110000000000
00000000111000000001110000000000
00000000111100000001110000000000
00000000111100000011110000000000
00000000011110000011110000000000
00000000001111000111111000000000
00000000001111111111110000000000
00000000000011111111000000000000
00000000000001111100000000000000
