00000000000011111111100000000000
00000000000011111111111000000000
00000000001111111111111000000000
00000000011111111111111000000000
00000000011111111111111000000000
00000000011111110001111100000000
00000000111111000011111000000000
00000000111111000111111000000000
00000000011111000111111000000000
00000000011111001111111000000000
00000000011111111111110000000000
00000000001111111111110000000000
00000000000111111111000000000000
00000000000111111110000000000000
00000000000111111110000000000000
00000000000011111111100000000000
00000000000011111111000000000000
00000000001111111110000000000000
00000000001111111111000000000000
00000000011111111111000000000000
00000000111111111111100000000000
00000000111111011111100000000000
00000000111110000111110000000000
00000000111110000111110000000000
00000001111110000111110000000000
00000000111110000011111000000000
00000000111110000011111100000000
00000000111110000111111000000000
00000000001111111111111000000000
00000000001111111111111000000000
00000000000111111111110000000000
00000000000011111111000000000000
