00000000000000000111000000000000
00000000000000111111110000000000
00000000000001111111111100000000
00000000000011111111111100000000
00000000000111111111111110000000
00000000000111100000111110000000
00000000001111000000011110000000
00000000001110000000011110000000
00000000011110000000011110000000
00000000011100000000011110000000
00000000011110000000011111000000
00000000011100000000011110000000
00000000011100000000111110000000
00000001111100000001111110000000
00000011111110000011111000000000
00000011111111000111110000000000
00000000111111111111100000000000
00000000000111111111000000000000
00000000000011111110000000000000
00000000000011111110000000000000
00000000000011111111000000000000
00000000000111111111100000000000
00000000000111100111100000000000
00000000000011100001111000000000
00000000000011100000111100000000
00000000000011100000011110000000
00000000000011100000011110000000
00000000000011111000011110000000
00000000000011111100011110000000
00000000000001111111111110000000
00000000000000111111111100000000
00000000000000000111110000000000
