00000000000000001110000000000000
00000000000011111111111000000000
00000000001111111111111110000000
00000000011111111111111110000000
00000000111111111111111110000000
00000011111110000000111110000000
00000011110000000000111110000000
00000111100000000001111110000000
00000111100000000011111100000000
00000011100000000011111000000000
00000001110000000111111100000000
00000001110000001111110000000000
00000000110000111111100000000000
00000000111111111110000000000000
00000000111111111110000000000000
00000000011111111000000000000000
00000000011111111100000000000000
00000000011111111110000000000000
00000000111111111111100000000000
00000000111100111111100000000000
00000001111000001111110000000000
00000001111000000111111000000000
00000001111000000001111100000000
00000000111100000000011111000000
00000000111100000000011111100000
00000000111100000000011111100000
00000000011110000000001111100000
00000000011111000000011111100000
00000000011111111111111111000000
00000000001111111111111110000000
00000000001111111111111100000000
00000000000111111111110000000000
