00000000000000011111110000000000
00000000000111111111111100000000
00000000001111111111111100000000
00000000011111111111111110000000
00000000011111000000011110000000
00000000111111000000001110000000
00000011111100000000011110000000
00000111111100000001111110000000
00000001111100001111111110000000
00000000111100111111111110000000
00000000111111111111110000000000
00000000111111111110000000000000
00000000011111111110000000000000
00000000011111100000000000000000
00000000001111100000000000000000
00000000001111100000000000000000
00000000001111100000000000000000
00000000001111110000000000000000
00000000001111110000000000000000
00000000011111111000000000000000
00000000011111111000000000000000
00000000011110111100000000000000
00000000011110111110000000000000
00000000111100011111000000000000
00000000111100001111100000000000
00000000111100001111100000000000
00000000111110000111110000000000
00000000011111000011110000000000
00000000011111000011110000000000
00000000001111111111110000000000
00000000000011111111111000000000
00000000000000111111110000000000
