00000000000000000011010000000000
00000000000000011111111100000000
00000000000011111111111111000000
00000000000011111111111111000000
00000000000111111111111111100000
00000000000111110011111111100000
00000000001111100000000111100000
00000000001111100000000111100000
00000000001111100000011111100000
00000000001111100000111111100000
00000000011111000011111110000000
00000000001111111111111100000000
00000000001111111111111000000000
00000000001111111111110000000000
00000000011111111111000000000000
00000001111111111110000000000000
00000001111111111100000000000000
00000011111111111100000000000000
00000011111111111110000000000000
00000011111111111110000000000000
00000011111111011111100000000000
00000011111111011111110000000000
00000001111111001111111000000000
00000011111110001111111000000000
00000001111110000011111100000000
00000000011111000011111100000000
00000000001111000011111100000000
00000000001111100001111100000000
00000000001111111111111100000000
00000000000011111111111100000000
00000000000001111111111100000000
00000000000000000000000100000000
