00000000000000000010000000000000
00000000000011111111110000000000
00000000000111111111111000000000
00000000001111111111111100000000
00000000011111111001111100000000
00000000011110000000011100000000
00000000011111000000001110000000
00000000011110000000011110000000
00000000011110000001111100000000
00000000011110000111111000000000
00000000011110011111111000000000
00000000001111111111100000000000
00000000001111111100000000000000
00000000000011111000000000000000
00000000001111111000000000000000
00000000011111111000000000000000
00000000111100111100000000000000
00000001111000111100000000000000
00000001111000011110000000000000
00000001110000011111000000000000
00000001110000000111100000000000
00000001110000000011110000000000
00000001110000000001111000000000
00000001110000000001111000000000
00000001111000000000111100000000
00000000111000000000111110000000
00000000111100000000011110000000
00000000001111000000001111000000
00000000000111111000001111000000
00000000000111111100001111000000
00000000000011111111111110000000
00000000000000001111111110000000
