00000000000000000000111000000000
00000000000011000011111100000000
00000000001111111111111110000000
00000000111111111111111111000000
00000000111111111110001111000000
00000001111110011110000111000000
00000011111000001110001111000000
00000001110000000000011111000000
00000001110000000000111110000000
00000001110000000001111100000000
00000001111000000011111000000000
00000000111100001111110000000000
00000000111100111111000000000000
00000000111111111110000000000000
00000000011111111100000000000000
00000000011111110000000000000000
00000000111111110000000000000000
00000000111111110000000000000000
00000000111101111000000000000000
00000001110000111100000000000000
00000001110000011110000000000000
00000001110000001111000000000000
00000001110000001111000000000000
00000000110000000111100000000000
00000000111000000011110000000000
00000000111000000011110000000000
00000000111100000001111000000000
00000000011100000001110000000000
00000000011111101111110000000000
00000000001111111111110000000000
00000000000011111111100000000000
00000000000011111110000000000000
