00000000000000000000000000000000
00000000000000001110000000000000
00000000000000111111110000000000
00000000000011111111111100000000
00000000000011111111111100000000
00000000000111111111111110000000
00000000011111100001111110000000
00000000111111000000111110000000
00000001111110000000011110000000
00000001111110000000011110000000
00000000111110000000011110000000
00000000011110000000111100000000
00000000011111000000111100000000
00000000011111110001111100000000
00000000000111111111111000000000
00000000000011111111110000000000
00000000000011111111110000000000
00000000000001111111100000000000
00000000000011111111100000000000
00000000000111111111110000000000
00000000001111111111110000000000
00000000011111100111111000000000
00000000011111000011111000000000
00000000011110000001111100000000
00000000011110000000111100000000
00000000011111000000111110000000
00000000001111100000111110000000
00000000000111110001111110000000
00000000000011111111111110000000
00000000000011111111111100000000
00000000000000011111110000000000
00000000000000000000000000000000
