00000000000011111110000000000000
00000000000011111111100000000000
00000000000111111111110000000000
00000000000111111111111000000000
00000000001111111111111100000000
00000011001111111111111100000000
00000011101111110011111100000000
00000111111111100011111100000000
00000111111111000001111110000000
00000111111111000011111100000000
00000011111111000111111100000000
00000001111111111111111100000000
00000000111111111111111000000000
00000000011111111111100000000000
00000000001111111111100000000000
00000000001111111111100000000000
00000000111111111110000000000000
00000000111111111111000000000000
00000000111111111111000000000000
00000000011111111111110000000000
00000000011111001111110000000000
00000000011110000111111000000000
00000000111110000011111100000000
00000000111110000001111110000000
00000000111110000001111110000000
00000000011111000000111111000000
00000000001111110001111111000000
00000000001111111111111111000000
00000000001111111111111111000000
00000000000111111111111110000000
00000000000000111111111100000000
00000000000000011111000000000000
