00000000000001111100000000000000
00000000001111111111000000000000
00000000011111111111000000000000
00000000111111111111100000000000
00000001111111111111100000000000
00000000111111101111111000000000
00000000111110001111111000000000
00000001111100000111111000000000
00000001111100000111111000000000
00000001111100000111111000000000
00000000011111000111111100000000
00000000011111001111111110000000
00000000011111111111111110000000
00000000011111111111111110000000
00000000000111111111111111000000
00000000000001111110001111000000
00000000000000011000001111000000
00000000000000000000001111000000
00000000000000000000001111000000
00000000000000000000000111100000
00000000000000000000000111100000
00000000000000000000000111100000
00000000000000000000000111100000
00000000000000000000000011100000
00000000000000000000000111100000
00000000000000000000000111100000
00000000011100000000001111100000
00000000011100000000001111100000
00000000001111111111111111100000
00000000011111111111111111000000
00000000001111111111111110000000
00000000001111111111111100000000
