00000000000000100000000000000000
00000000000111111111100000000000
00000000011111111111111100000000
00000000011111111111111110000000
00000000011111111111111110000000
00000001111110000001111110000000
00000001111100000000111110000000
00000001111100000000111110000000
00000001111100000000111110000000
00000001111100000001111100000000
00000001111100000011111100000000
00000000011111001111111100000000
00000000001111111111111110000000
00000000001111111111111110000000
00000000000111111111111110000000
00000000000001111111011110000000
00000000000000000000011111000000
00000000000000000000011111000000
00000000000000000000001111000000
00000000000000000000011110000000
00000000000000000000011110000000
00000000000000000000001111000000
00000000010000000000001111000000
00000001111000000000001111000000
00000001111000000000001111000000
00000001111000000000001111000000
00000001111000000000011111000000
00000000111110000000011111000000
00000000111111111111111110000000
00000000011111111111111100000000
00000000001111111111111100000000
00000000000001111111111100000000
