00000000000001111000000000000000
00000000001111111100000000000000
00000000011111111110000000000000
00000000011111111111100000000000
00000000011111111111110000000000
00000000111111111111110000000000
00000000111111001111111000000000
00000000111101111011111000000000
00000000111100110000011100000000
00000000111100000000011100000000
00000000111100000000111100000000
00000000111100000000111110000000
00000000111100000000111100000000
00000000111100000001111100000000
00000000011110000011111110000000
00000000011111111111111110000000
00000000011111111111111100000000
00000000011111111111111110000000
00000000000111111110111110000000
00000000000000000000011110000000
00000000000000000000011110000000
00000000000000000000011110000000
00000000000000000000011110000000
00000000000000000000111110000000
00000000000000000000111110000000
00000000000000000001111110000000
00000000011111001111111100000000
00000000011111111111111100000000
00000000011111111111110000000000
00000000011111111111100000000000
00000000000111111110000000000000
00000000000000011110000000000000
