00000000000011110000000000000000
00000000011111111100000000000000
00000000111111111110000000000000
00000000111111111111000000000000
00000011111111111111110000000000
00000011111111001111110000000000
00000011111000000111111000000000
00000111100000000111111000000000
00000111100000000111111000000000
00000111100000000111111000000000
00000111100000000111111000000000
00000011110000001111111100000000
00000001111111111111111110000000
00000000111111111111111110000000
00000000011111111111111111000000
00000000000010010000011111000000
00000000000000000000011111000000
00000000000000000000011111000000
00000000000000000000011111000000
00000000000000000000011111000000
00000000000000000000011111000000
00000000000000000000001111100000
00000000000000000000001111100000
00000000000000000000011111000000
00000000000000000000011111000000
00000000000000000000011111000000
00000000000000000001111110000000
00000000001000000111101110000000
00000000011000111111111100000000
00000000111111111111111000000000
00000000001111111111110000000000
00000000000111111111100000000000
