00000000000001111000000000000000
00000000001111111110000000000000
00000000001111111111000000000000
00000000111111111111110000000000
00000001111111111111110000000000
00000001111111111111110000000000
00000001111111110011111100000000
00000001111110000001111110000000
00000011111110000011111110000000
00000011111100000111111110000000
00000011111000001111111100000000
00000111111000001111111000000000
00000111111000001111111000000000
00000011111100000111111100000000
00000011111100000111111100000000
00000011111100001111111100000000
00000001111111111111111100000000
00000001111111111111111100000000
00000000111111111111111100000000
00000000011111111111111100000000
00000000000111111111111110000000
00000000000000000000111110000000
00000000000000000000111110000000
00000000000000000000111110000000
00000000000000000000111110000000
00000000000000000000111110000000
00000000001111110000111110000000
00000000001111111111111111000000
00000000001111111111111111000000
00000000001111111111111111000000
00000000000111111111111110000000
00000000000000111111111000000000
