00000000000010000000000000000000
00000000000111110000000000000000
00000000011111111100000000000000
00000000011111111110000000000000
00000001111111111111110000000000
00000001111100001111111000000000
00000001111000000111111100000000
00000001111000000111111100000000
00000000111100000011111110000000
00000000011110000011111110000000
00000000011110111111111110000000
00000000011111111111111110000000
00000000001111111111001110000000
00000000001111111111001110000000
00000000000111111110000111000000
00000000000000000000000111000000
00000000000000000000000111000000
00000000000000000000000111000000
00000000000000000000001111000000
00000000000000000000000111100000
00000000000000000000000111000000
00000000000000000000001111000000
00000000000000000000001111000000
00000000000000000000111110000000
00000000000000000000111110000000
00000000000000000000111110000000
00000000000000001111111100000000
00000000001100111111111100000000
00000000111111111111110000000000
00000000011111111111100000000000
00000000001111111111000000000000
00000000000111110000000000000000
