00000000000011111100000000000000
00000000000011111111000000000000
00000000000111111111000000000000
00000000000111111111110000000000
00000000001111111111110000000000
00000000000111111111111000000000
00000000001111111111111000000000
00000000001111100111111000000000
00000000001111110111111100000000
00000000001111111111111100000000
00000000000111111111111110000000
00000000000011111111111110000000
00000000000001111111111110000000
00000000000000111111111111000000
00000000000000011111111111000000
00000000000000000111111111100000
00000000000000000011111111100000
00000000000000000000011111000000
00000000000000000000001111100000
00000000000000000000011111100000
00000000000000000000001111110000
00000000000000000000001111100000
00000000000000000000011111100000
00000000000000000000001111110000
00000000000000000000011111110000
00000000000000000001111111110000
00000000000000000011111111100000
00000000000000001111111111000000
00000000000011111111111111100000
00000000000111111111111111000000
00000000000001111111111111000000
00000000000000011111110000000000
