00000000000000001000000000000000
00000000000000111111100000000000
00000000000011111111111000000000
00000000000111111111111100000000
00000000011111111111111100000000
00000000011111110001111100000000
00000000111110000011111000000000
00000001111110000000111100000000
00000001111110000000111100000000
00000000111110000001111100000000
00000000111111000011111110000000
00000000111111101111111111000000
00000000001111111111111101100000
00000000001111111111100111000000
00000000001111111110001111000000
00000000000111111100001111000000
00000000000000000000001111000000
00000000000000000000001111000000
00000000000000000000000111000000
00000000000000000000000111000000
00000000000000000000011110000000
00000000000000000000011110000000
00000000000000000000011110000000
00000000000000000000011110000000
00000000000001000000011110000000
00000000000001000000011110000000
00000000000011111000011110000000
00000000000111111111111100000000
00000000000111111111111000000000
00000000000011111111111000000000
00000000000001111111100000000000
00000000000000001111000000000000
