00000000000000000011111000000000
00000000000000011111111100000000
00000000000001111111111110000000
00000000000011111111111110000000
00000000001111111111111111000000
00000000001111110000111111000000
00000000001111000000001111000000
00000000011111000000011110000000
00000000111111000000011110000000
00000000011111100000011110000000
00000000011111111111111110000000
00000000111111111111111100000000
00000000000111111111111100000000
00000000000111111111111110000000
00000000000011111111111110000000
00000000000111111111111100000000
00000000000000000000111100000000
00000000000000000000111100000000
00000000000000000000111000000000
00000000000000000000111100000000
00000000000000000000111100000000
00000000000000000000111110000000
00000000000000000001111100000000
00000000011100000000111100000000
00000000011111000000111100000000
00000000011111100001111100000000
00000000111111111111111000000000
00000000111111111111111000000000
00000000001111111111111000000000
00000000000001111111100000000000
00000000000001111110000000000000
00000000000000001000000000000000
