00000000000111111000000000000000
00000000001111111110000000000000
00000000011111111111000000000000
00000001111111111111100000000000
00000011111111111111110000000000
00000001111110000111111000000000
00000011111100000111111000000000
00000111111000000011111000000000
00000111111000000111111100000000
00000111110000000111111100000000
00000011111000000111111111000000
00000111111110111111111110000000
00000011111111111111111110000000
00000011111111111111111111000000
00000000111111111111011111100000
00000000001111111000011111100000
00000000000011110000011111100000
00000000000000000000001111100000
00000000000000000000001111100000
00000000000000000000000111110000
00000000000000000000000111110000
00000000000000000000000111110000
00000000000000000000000111110000
00000000010000000000000011111000
00000000111000000000000111111000
00000001111100000000000111110000
00000001111100000000001111110000
00000000111110000000111111100000
00000000011111111111111111100000
00000000011111111111111111000000
00000000001111111111111110000000
00000000000111111111111100000000
