00000000000000000000011111100000
00000000000000000011111111110000
00000000000000000111111111110000
00000000000000111111111111110000
00000000000000111111111111110000
00000000000111111111101111100000
00000000000111111110000101100000
00000000001111111000000111100000
00000000011111100000000111100000
00000000011111000000001111100000
00000001111110000000011111000000
00000001111100000000111111000000
00000001111100000000111111000000
00000001111110000001111111000000
00000011111110000011111111000000
00000011111111111111111111000000
00000001111111111111111111000000
00000000111111111111111111000000
00000000011111111110011111000000
00000000001111110000111110000000
00000000000000000000111110000000
00000000000000000000111110000000
00000000000000000000111110000000
00000000000000000001111100000000
00000000000000000001111000000000
00000000000000000011111100000000
00000000000000000011111100000000
00000000000000000011111100000000
00000000000000000111111000000000
00000000000000000111110000000000
00000000000000000111110000000000
00000000000000000011110000000000
