00000000000000000000111111100000
00000000000000000011111111100000
00000000000000011111111111110000
00000000000001111111111111110000
00000000000011111111111111110000
00000000000111111111101111110000
00000000001111111110001111111000
00000000011111111000001111111000
00000000011111110000011111111000
00000000111111100011111111111000
00000001111111111111111111110000
00000011111111111111111111110000
00000001111111111111111111110000
00000000111111111111111111110000
00000000111111111100011111100000
00000000011111110000111111100000
00000000000000000000111111100000
00000000000000000000111111000000
00000000000000000000111111000000
00000000000000000001111110000000
00000000000000000001111110000000
00000000000000000001111110000000
00000000000000000011111110000000
00000000000000000111111000000000
00000000000000000111111000000000
00000000000000000111111000000000
00000000000000000111111000000000
00000000000000000111111000000000
00000000000000001111110000000000
00000000000000011111110000000000
00000000000000001111110000000000
00000000000000001111110000000000
