00000000000001111100000000000000
00000000000111111111000000000000
00000000001111111111100000000000
00000000011111000011100000000000
00000000111111000001110000000000
00000000111100000001110000000000
00000000111000000000111000000000
00000000111000000000111000000000
00000000111000000001111000000000
00000001111000000001111100000000
00000011110000000011111000000000
00000001110000000011111000000000
00000001110000000011111000000000
00000001110000000011111000000000
00000001111000000011111000000000
00000001111000000011111000000000
00000000111100001111111000000000
00000000011111111111111000000000
00000000011111111111111000000000
00000000000111111000111100000000
00000000000001110000011100000000
00000000000000000000001100000000
00000000000000000000011100000000
00000000000000000000011100000000
00000000000000000000011110000000
00000000000000000000001110000000
00000000000000000000001110000000
00000000000000000000001110000000
00000000000111111111111110000000
00000000001111111111111110000000
00000000001111111111111100000000
00000000000011111111100000000000
