00000000000111100000000000000000
00000000011111111000000000000000
00000000111111111100000000000000
00000000011111111111000000000000
00000000111111111111110000000000
00000000111111111111111110000000
00000001111110011111111110000000
00000001111100001111111111000000
00000001111100000111111111000000
00000001111000000001111110000000
00000001111000000001111110000000
00000011111000000001111111000000
00000001111100000001111111000000
00000001111110000001111111000000
00000001111111111111111111000000
00000001111111111111111111000000
00000000111111111111111111000000
00000000001111111111111111000000
00000000000111111110011111000000
00000000000000000000011111000000
00000000000000000000011111000000
00000000000000000000011111000000
00000000000000000000011111000000
00000000000000000000011111000000
00000000000000000000011111000000
00000000111111000011111111000000
00000000111111111111111110000000
00000001111111111111111110000000
00000001111111111111111110000000
00000000111111111111111000000000
00000000001111111111111000000000
00000000000000000011000000000000
