00000000000001100000000000000000
00000000011111111000000000000000
00000000111111111000000000000000
00000000111111111110000000000000
00000001111111111111100000000000
00000001111100001111100000000000
00000001111000001111110000000000
00000011110000001111110000000000
00000001110000000111110000000000
00000001111110111111110000000000
00000001111111111111110000000000
00000000111111111111110000000000
00000000001111111111111000000000
00000000000000110001111000000000
00000000000000000001111000000000
00000000000000000000111100000000
00000000000000000000111100000000
00000000000000000000111100000000
00000000000000000000011110000000
00000000000000000000011110000000
00000000000000000000001110000000
00000000000000000000000111100000
00000000000000000000000111100000
00000000000000000000000111100000
00000000000000000000000111100000
00000000000000000000000111100000
00000000100000000000000111100000
00000001111000000000111111100000
00000001111111111111111111000000
00000000111111111111111110000000
00000000000111111111111110000000
00000000000001111111111000000000
