00000000000001110000000000000000
00000000000001111110000000000000
00000000000111111110000000000000
00000000001111111111000000000000
00000000011111111111000000000000
00000000011111111111100000000000
00000001111111110111100000000000
00000001111111100011100000000000
00000000111111100001110000000000
00000001111111000001110000000000
00000001111110000001110000000000
00000000111111000001111100000000
00000000111111000001111100000000
00000000111111111111111110000000
00000000111111111111111110000000
00000000011111111111111111000000
00000000001111111111111111000000
00000000000011111111111111000000
00000000000000111111111111100000
00000000000000001100011111100000
00000000000000000000011111000000
00000000000000000000011111000000
00000000000000000000001111100000
00000000011100000000011111000000
00000000011100000000111111000000
00000000011110000000011111000000
00000000001111100000111111000000
00000000001111111111111111000000
00000000000111111111111111000000
00000000000111111111111110000000
00000000000011111111111110000000
00000000000000001000110000000000
