00000000000000000001000000000000
00000000000000011111111000000000
00000000000011111111111110000000
00000000000111111111111111000000
00000000001111111111111111100000
00000000011111111111111111100000
00000000111111000000000111100000
00000000111111000000000111100000
00000000111100000000011111100000
00000001111100000001111111100000
00000011111000000111111111000000
00000011110000011111111111000000
00000011111111111111111111000000
00000011111111111111111111000000
00000001111111111111111110000000
00000001111111111101111110000000
00000000011111110001111100000000
00000000001110000001111100000000
00000000000000000001111000000000
00000000000000000011111000000000
00000000000000000011111000000000
00000000000000000111110000000000
00000000000000000111110000000000
00000000000000011111000000000000
00000000000000011111000000000000
00000000000000111111000000000000
00000000000000111111000000000000
00000000000001111110000000000000
00000000000011111100000000000000
00000000000011111100000000000000
00000000000011111100000000000000
00000000000001111000000000000000
