00000000000000111000000000000000
00000000000011111110000000000000
00000000000111111111000000000000
00000000001111111111000000000000
00000000111111111111000000000000
00000000111111111111100000000000
00000000111111111111111000000000
00000001111111111111111000000000
00000011111110011111111100000000
00000011111110011111111100000000
00000001111111111111111110000000
00000001111111111111111110000000
00000011111111111111111110000000
00000001111111111111111110000000
00000000111111111011111110000000
00000000111111110001111110000000
00000000000000000000111111000000
00000000000000000000111110000000
00000000000000000000111110000000
00000000000000000000111111000000
00000000000000000000111111000000
00000000000000000000111111000000
00000000000000000000111111000000
00000000000000000011111110000000
00000000000000000111111110000000
00000000000001111111111110000000
00000000000011111111111100000000
00000000000111111111111000000000
00000000000111111111111000000000
00000000000111111111000000000000
00000000001111111000000000000000
00000000000000100000000000000000
